0.01 0 0 2 1 0
0.0105892 0 0 1 1 0
0.0110303 0 0 1 1 0
0.0114705 0 0 1 1 0
0.0119099 0 0 1 1 0
0.0123482 0 0 1 1 0
0.0127853 0 0 1 1 0
0.0132211 0 0 1 1 0
0.0136555 0 0 1 1 0
0.0140882 0 0 1 1 0
0.0145191 0 0 1 1 0
0.0149482 0 0 1 1 0
0.0153751 0 0 1 1 0
0.0157997 0 0 1 1 0
0.0162219 0 0 1 1 0
0.0166415 0 0 1 1 0
0.0170582 0 0 1 1 0
0.0174718 0 0 1 1 0
0.0178822 0 0 1 1 0
0.0182892 0 0 1 1 0
0.0186925 0 0 1 1 0
0.0190918 0 0 1 1 0
0.019487 0 0 1 1 0
0.0198779 0 0 1 1 0
0.0202641 0 0 1 1 0
0.0206455 0 0 1 1 0
0.0210218 0 0 1 1 0
0.0213927 0 0 1 1 0
0.0217581 0 0 1 1 0
0.0221177 0 0 1 1 0
0.0224712 0 0 1 1 0
0.0228184 0 0 1 1 0
0.0231591 0 0 1 1 0
0.023493 0 0 1 1 0
0.02382 0 0 1 1 0
0.0241397 0 0 1 1 0
0.024452 0 0 1 1 0
0.0247568 0 0 1 1 0
0.0250537 0 0 1 1 0
0.0253427 0 0 1 1 0
0.0256237 0 0 1 1 0
0.0258963 0 0 1 1 0
0.0261606 0 0 1 1 0
0.0264165 0 0 1 1 0
0.0266638 0 0 1 1 0
0.0269024 0 0 1 1 0
0.0271324 0 0 1 1 0
0.0273536 0 0 1 1 0
0.027566 0 0 1 1 0
0.0277697 0 0 1 1 0
0.0279646 0 0 1 1 0
0.0281507 0.00161974 0.00161974 1 1 0
0.0283281 0.00262283 0.00262283 1 1 0
0.0284966 0.0033128 0.0033128 1 1 0
0.0286565 0.00386101 0.00386101 1 1 0
0.0288075 0.00432093 0.00432093 1 1 0
0.0289498 0.00471697 0.00471697 1 1 0
0.0290832 0.00506174 0.00506174 1 1 0
0.0292078 0.00536153 0.00536153 1 1 0
0.0293233 0.00561841 0.00561841 1 1 0
0.0294297 0.00583096 0.00583096 1 1 0
0.0295268 0.00599434 0.00599434 1 1 0
0.0296144 0.00609983 0.00609983 1 1 0
0.0296921 0.00613373 0.00613373 1 1 0
0.0297595 0.0060754 0.0060754 1 1 0
0.0298163 0.00589332 0.00589332 1 1 0
0.0298619 0.00553674 0.00553674 1 1 0
0.0298957 0.00491403 0.00491403 1 1 0
0.0299169 0.00381415 0.00381415 1 1 0
0.0299248 0.00102406 0.00102406 1 1 0
0.0299249 0.00102406 0.00102406 1 1 0
0.0299176 0.00102406 0.00102406 2 1 0
0.0298949 0.00102406 0.00102406 2 1 0
0.0298558 0.00102406 0.00102406 2 1 0
0.0297989 0.00102406 0.00102406 2 1 0
0.0297229 0.00102406 0.00102406 2 1 0
0.0296263 0.00102406 0.00102406 2 1 0
0.0295076 0.00102406 0.00102406 2 1 0
0.029365 0.00102406 0.00102406 2 1 0
0.0291966 0.00102406 0.00102406 2 1 0
0.0290007 0.00102406 0.00102406 2 1 0
0.0287751 0.00102406 0.00102406 2 1 0
0.0285178 0.00102406 0.00102406 2 1 0
0.0282265 0.00102406 0.00102406 2 1 0
0.027899 0.00102406 0.00102406 2 1 0
0.0275331 0.00102406 0.00102406 2 1 0
0.0271263 0.00102406 0.00102406 2 1 0
0.0266762 0.00102406 0.00102406 2 1 0
0.0261804 0.00102406 0.00102406 2 1 0
0.0256366 0.00102406 0.00102406 2 1 0
0.0250423 0.00102406 0.00102406 2 1 0
0.0243952 0.00102406 0.00102406 2 1 0
0.0236931 0.00102406 0.00102406 2 1 0
0.0229337 0.00102406 0.00102406 2 1 0
0.022115 0.00102406 0.00102406 2 1 0
0.0212351 0.00102406 0.00102406 2 1 0
0.0202924 0.00102406 0.00102406 2 1 0
0.0192852 0.00102406 0.00102406 2 1 0
0.0182123 0.00102406 0.00102406 2 1 0
0.0170729 0.00102406 0.00102406 2 1 0
0.0158662 0.00102406 0.00102406 2 1 0
0.0145921 0.00102406 0.00102406 2 1 0
0.0132507 0.00102406 0.00102406 2 1 0
0.0118426 0.00102406 0.00102406 2 1 0
0.0103691 0.00102406 0.00102406 2 1 0
0.0088318 0.00102406 0.00102406 2 1 0
0.00723313 0.00102406 0.00102406 2 1 0
0.00557608 0.00102406 0.00102406 2 1 0
0.0038644 0.00102406 0.00102406 2 1 0
0.00210262 0.00102406 0.00102406 2 1 0
0.000296102 0.00102406 0.00102406 2 1 0
-0.0015489 0.00102406 0.00102406 2 1 0
-0.00342519 0.00102406 0.00102406 2 1 0
-0.00532457 0.00102406 0.00102406 2 1 0
-0.00723779 0.00102406 0.00102406 2 1 0
-0.00915449 0.00102406 0.00102406 2 1 0
-0.0110632 0.00102406 0.00102406 2 1 0
-0.0129512 0.00102406 0.00102406 2 1 0
-0.0148045 0.00102406 0.00102406 2 1 0
-0.016608 0.00102406 0.00102406 2 1 0
-0.0183452 0.00102406 0.00102406 2 1 0
-0.0199982 0.00102406 0.00102406 2 1 0
-0.0215478 0.00102406 0.00102406 2 1 0
-0.0229736 0.00102406 0.00102406 2 1 0
-0.0242536 0.00102406 0.00102406 2 1 0
-0.0253646 0.00102406 0.00102406 2 1 0
-0.026282 0.00102406 0.00102406 2 1 0
-0.0269798 0.00102406 0.00102406 2 1 0
-0.0274308 0.00102406 0.00102406 2 1 0
-0.0276065 0.00102406 0.00102406 2 1 0
-0.0276078 0.00102406 0.00102406 2 1 0
-0.0274488 0.00102406 0.00102406 2 1 0
-0.0269511 0.00102406 0.00102406 2 1 0
-0.0260826 0.00102406 0.00102406 2 1 0
-0.0248103 0.00102406 0.00102406 2 1 0
-0.0231002 0.00102406 0.00102406 2 1 0
-0.0209174 0.00102406 0.00102406 2 1 0
-0.0182266 0.00102406 0.00102406 2 1 0
-0.0149916 0.00102406 0.00102406 2 1 0
-0.0111757 0.00102406 0.00102406 2 1 0
-0.00674204 0.00102406 0.00102406 2 1 0
-0.00165326 0.00102406 0.00102406 2 1 0
0.00412799 0.00102406 0.00102406 2 1 0
0.0106391 0.00102406 0.00102406 2 1 0
0.0179173 0.00102406 0.00102406 2 1 0
0.0259995 0.00102406 0.00102406 2 1 0
0.0349224 0.00102406 0.00102406 2 1 0
0.0447221 0.00102406 0.00102406 2 1 0
0.0554339 0.00102406 0.00102406 2 1 0
0.0670926 0.00102406 0.00102406 2 1 0
0.0797321 0.00102406 0.00102406 2 1 0
0.0933851 0.00102406 0.00102406 2 1 0
0.108083 0.00102406 0.00102406 2 1 0
0.123858 0.00102406 0.00102406 2 1 0
0.140738 0.00102406 0.00102406 2 1 0
0.158752 0.00102406 0.00102406 2 1 0
0.177927 0.00102406 0.00102406 2 1 0
0.198288 0.00102406 0.00102406 2 1 0
0.219859 0.00102406 0.00102406 2 1 0
0.242663 0.00102406 0.00102406 2 1 0
0.266722 0.00102406 0.00102406 2 1 0
0.292055 0.00102406 0.00102406 2 1 0
0.318681 0.0901548 0.0901548 2 1 0
0.346616 0.158374 0.158374 2 1 0
0.375878 0.203675 0.203675 2 1 0
0.406479 0.239276 0.239276 2 1 0
0.438434 0.268926 0.268926 2 1 0
0.471753 0.294324 0.294324 2 1 0
0.506449 0.316415 0.316415 2 1 0
0.54253 0.335787 0.335787 2 1 0
0.580004 0.35284 0.35284 2 1 0
0.618881 0.36786 0.36786 2 1 0
0.659165 0.381062 0.381062 2 1 0
0.700863 0.392616 0.392616 2 1 0
0.743979 0.402656 0.402656 2 1 0
0.784777 0.410628 0.410628 1 1 0
0.830623 0.418058 0.418058 1 1 0
0.877897 0.424251 0.424251 1 1 0
0.926601 0.429273 0.429273 1 1 0
0.976737 0.433184 0.433184 1 1 0
1.02831 0.436033 0.436033 1 1 0
1.08131 0.437864 0.437864 1 1 0
1.13574 0.438712 0.438712 1 1 0
1.1916 0.438608 0.438608 1 1 0
1.2489 0.437574 0.437574 1 1 0
1.30763 0.43563 0.43563 1 1 0
1.36778 0.432786 0.432786 1 1 0
1.42936 0.429048 0.429048 1 1 0
1.49236 0.424413 0.424413 1 1 0
1.55677 0.418873 0.418873 1 1 0
1.62261 0.41241 0.41241 1 1 0
1.68986 0.404998 0.404998 1 1 0
1.75851 0.396599 0.396599 1 1 0
1.82857 0.387163 0.387163 1 1 0
1.90002 0.376623 0.376623 1 1 0
1.97287 0.364895 0.364895 1 1 0
2.0471 0.351866 0.351866 1 1 0
2.12272 0.337393 0.337393 1 1 0
2.19971 0.321283 0.321283 1 1 0
2.27806 0.303277 0.303277 1 1 0
2.35778 0.283012 0.283012 1 1 0
2.43884 0.259955 0.259955 1 1 0
2.52125 0.233275 0.233275 1 1 0
2.605 0.201526 0.201526 1 1 0
2.69007 0.161732 0.161732 1 1 0
2.77645 0.105095 0.105095 1 1 0
2.86414 0.105095 0.105095 1 1 0
2.95313 0.105095 0.105095 1 1 0
3.0434 0.105095 0.105095 1 1 0
3.13494 0.105095 0.105095 1 1 0
3.22774 0.105095 0.105095 1 1 0
3.3218 0.105095 0.105095 1 1 0
3.41709 0.105095 0.105095 1 1 0
3.5136 0.105095 0.105095 1 1 0
3.61132 0.105095 0.105095 1 1 0
3.71024 0.105095 0.105095 1 1 0
3.81035 0.105095 0.105095 1 1 0
3.91162 0.105095 0.105095 1 1 0
4.01405 0.105095 0.105095 1 1 0
4.11761 0.105095 0.105095 1 1 0
4.2223 0.105095 0.105095 1 1 0
4.3281 0.105095 0.105095 1 1 0
4.435 0.105095 0.105095 1 1 0
4.54297 0.105095 0.105095 1 1 0
4.652 0.105095 0.105095 1 1 0
4.76208 0.105095 0.105095 1 1 0
4.87319 0.105095 0.105095 1 1 0
4.98531 0.105095 0.105095 1 1 0
5.09843 0.105095 0.105095 1 1 0
5.21253 0.105095 0.105095 1 1 0
5.32759 0.105095 0.105095 1 1 0
5.4436 0.105095 0.105095 1 1 0
5.56054 0.105095 0.105095 1 1 0
5.67839 0.105095 0.105095 1 1 0
5.79714 0.105095 0.105095 1 1 0
5.91677 0.105095 0.105095 1 1 0
6.03726 0.105095 0.105095 1 1 0
6.1586 0.105095 0.105095 1 1 0
6.28077 0.105095 0.105095 1 1 0
6.40375 0.105095 0.105095 1 1 0
6.52753 0.105095 0.105095 1 1 0
6.65209 0.105095 0.105095 1 1 0
6.77741 0.105095 0.105095 1 1 0
6.90348 0.105095 0.105095 1 1 0
7.03029 0.105095 0.105095 1 1 0
7.15781 0.105095 0.105095 1 1 0
7.28603 0.105095 0.105095 1 1 0
7.41494 0.105095 0.105095 1 1 0
7.54451 0.105095 0.105095 1 1 0
7.67475 0.105095 0.105095 1 1 0
7.80562 0.105095 0.105095 1 1 0
7.93713 0.105095 0.105095 1 1 0
8.06924 0.105095 0.105095 1 1 0
8.20195 0.105095 0.105095 1 1 0
8.33524 0.105095 0.105095 1 1 0
8.46911 0.105095 0.105095 1 1 0
8.60353 0.105095 0.105095 1 1 0
8.73849 0.105095 0.105095 1 1 0
8.87399 0.105095 0.105095 1 1 0
9.01 0.105095 0.105095 1 1 0
9.14652 0.105095 0.105095 1 1 0
9.28353 0.105095 0.105095 1 1 0
9.42102 0.105095 0.105095 1 1 0
9.55898 0.105095 0.105095 1 1 0
9.6974 0.105095 0.105095 1 1 0
9.83627 0.105095 0.105095 1 1 0
9.97557 0.105095 0.105095 1 1 0
10.1153 0.105095 0.105095 1 1 0
10.2554 0.105095 0.105095 1 1 0
10.396 0.105095 0.105095 1 1 0
10.5369 0.105095 0.105095 1 1 0
10.6782 0.105095 0.105095 1 1 0
10.8199 0.105095 0.105095 1 1 0
10.962 0.105095 0.105095 1 1 0
11.1044 0.105095 0.105095 1 1 0
11.2472 0.105095 0.105095 1 1 0
11.3903 0.105095 0.105095 1 1 0
11.5338 0.105095 0.105095 1 1 0
11.6776 0.105095 0.105095 1 1 0
11.8217 0.105095 0.105095 1 1 0
11.9661 0.105095 0.105095 1 1 0
12.1108 0.105095 0.105095 1 1 0
12.2558 0.105095 0.105095 1 1 0
12.4011 0.105095 0.105095 1 1 0
12.5467 0.105095 0.105095 1 1 0
12.6925 0.105095 0.105095 1 1 0
12.8387 0.105095 0.105095 1 1 0
12.9851 0.105095 0.105095 1 1 0
13.1317 0.105095 0.105095 1 1 0
13.2786 0.105095 0.105095 1 1 0
13.4258 0.105095 0.105095 1 1 0
13.5732 0.105095 0.105095 1 1 0
13.7209 0.105095 0.105095 1 1 0
13.8688 0.105095 0.105095 1 1 0
14.0169 0.105095 0.105095 1 1 0
14.1653 0.105095 0.105095 1 1 0
14.3139 0.105095 0.105095 1 1 0
14.4627 0.105095 0.105095 1 1 0
14.6118 0.105095 0.105095 1 1 0
14.761 0.105095 0.105095 1 1 0
14.9105 0.105095 0.105095 1 1 0
15.0602 0.105095 0.105095 1 1 0
15.2101 0.105095 0.105095 1 1 0
15.3602 0.105095 0.105095 1 1 0
15.5105 0.105095 0.105095 1 1 0
15.6611 0.105095 0.105095 1 1 0
15.8118 0.105095 0.105095 1 1 0
15.9627 0.105095 0.105095 1 1 0
16.1139 0.105095 0.105095 1 1 0
16.2652 0.105095 0.105095 1 1 0
16.4168 0.105095 0.105095 1 1 0
16.5685 0.105095 0.105095 1 1 0
16.7204 0.105095 0.105095 1 1 0
16.8726 0.105095 0.105095 1 1 0
17.0249 0.105095 0.105095 1 1 0
17.1775 0.105095 0.105095 1 1 0
17.3302 0.105095 0.105095 1 1 0
17.4832 0.105095 0.105095 1 1 0
17.6363 0.105095 0.105095 1 1 0
17.7897 0.105095 0.105095 1 1 0
17.9432 0.105095 0.105095 1 1 0
18.097 0.105095 0.105095 1 1 0
18.2509 0.105095 0.105095 1 1 0
18.4051 0.105095 0.105095 1 1 0
18.5594 0.105095 0.105095 1 1 0
18.714 0.105095 0.105095 1 1 0
18.8688 0.105095 0.105095 1 1 0
19.0238 0.105095 0.105095 1 1 0
19.179 0.105095 0.105095 1 1 0
19.3345 0.105095 0.105095 1 1 0
19.4901 0.105095 0.105095 1 1 0
19.646 0.105095 0.105095 1 1 0
19.8021 0.105095 0.105095 1 1 0
19.9584 0.105095 0.105095 1 1 0
20.1149 0.105095 0.105095 1 1 0
20.2717 0.105095 0.105095 1 1 0
20.4287 0.105095 0.105095 1 1 0
20.5859 0.105095 0.105095 1 1 0
20.7434 0.105095 0.105095 1 1 0
20.9011 0.105095 0.105095 1 1 0
21.0591 0.105095 0.105095 1 1 0
21.2173 0.105095 0.105095 1 1 0
21.3758 0.105095 0.105095 1 1 0
21.5345 0.105095 0.105095 1 1 0
21.6935 0.105095 0.105095 1 1 0
21.8527 0.105095 0.105095 1 1 0
22.0122 0.105095 0.105095 1 1 0
22.172 0.105095 0.105095 1 1 0
22.332 0.105095 0.105095 1 1 0
22.4923 0.105095 0.105095 1 1 0
22.6529 0.105095 0.105095 1 1 0
22.8138 0.105095 0.105095 1 1 0
22.9749 0.105095 0.105095 1 1 0
23.1364 0.105095 0.105095 1 1 0
23.2981 0.105095 0.105095 1 1 0
23.4601 0.105095 0.105095 1 1 0
23.6225 0.105095 0.105095 1 1 0
23.7851 0.105095 0.105095 1 1 0
23.9481 0.105095 0.105095 1 1 0
24.1113 0.105095 0.105095 1 1 0
24.2749 0.105095 0.105095 1 1 0
24.4388 0.105095 0.105095 1 1 0
24.603 0.105095 0.105095 1 1 0
24.7676 0.105095 0.105095 1 1 0
24.9325 0.105095 0.105095 1 1 0
25.0977 0.105095 0.105095 1 1 0
25.2633 0.105095 0.105095 1 1 0
25.4292 0.105095 0.105095 1 1 0
25.5955 0.105095 0.105095 1 1 0
25.7621 0.105095 0.105095 1 1 0
25.9291 0.105095 0.105095 1 1 0
26.0965 0.105095 0.105095 1 1 0
26.2642 0.105095 0.105095 1 1 0
26.4323 0.105095 0.105095 1 1 0
26.6008 0.105095 0.105095 1 1 0
26.7696 0.105095 0.105095 1 1 0
26.9388 0.105095 0.105095 1 1 0
27.1085 0.105095 0.105095 1 1 0
27.2785 0.105095 0.105095 1 1 0
27.4489 0.105095 0.105095 1 1 0
27.6197 0.105095 0.105095 1 1 0
27.791 0.105095 0.105095 1 1 0
27.9626 0.105095 0.105095 1 1 0
28.1347 0.105095 0.105095 1 1 0
28.3071 0.105095 0.105095 1 1 0
28.48 0.105095 0.105095 1 1 0
28.6534 0.105095 0.105095 1 1 0
28.8271 0.105095 0.105095 1 1 0
29.0013 0.105095 0.105095 1 1 0
29.1759 0.105095 0.105095 1 1 0
29.351 0.105095 0.105095 1 1 0
29.5266 0.105095 0.105095 1 1 0
29.7025 0.105095 0.105095 1 1 0
29.879 0.105095 0.105095 1 1 0
30.0559 0.105095 0.105095 1 1 0
30.2332 0.105095 0.105095 1 1 0
30.4111 0.105095 0.105095 1 1 0
30.5894 0.105095 0.105095 1 1 0
30.7681 0.105095 0.105095 1 1 0
30.9474 0.105095 0.105095 1 1 0
31.1271 0.105095 0.105095 1 1 0
31.3073 0.105095 0.105095 1 1 0
31.4881 0.105095 0.105095 1 1 0
31.6693 0.105095 0.105095 1 1 0
31.851 0.105095 0.105095 1 1 0
32.0332 0.105095 0.105095 1 1 0
32.2159 0.105095 0.105095 1 1 0
32.3991 0.105095 0.105095 1 1 0
32.5828 0.105095 0.105095 1 1 0
32.7671 0.105095 0.105095 1 1 0
32.9518 0.105095 0.105095 1 1 0
33.1371 0.105095 0.105095 1 1 0
33.3229 0.105095 0.105095 1 1 0
33.5092 0.105095 0.105095 1 1 0
33.6961 0.105095 0.105095 1 1 0
33.8835 0.105095 0.105095 1 1 0
34.0714 0.105095 0.105095 1 1 0
34.2599 0.105095 0.105095 1 1 0
34.4489 0.105095 0.105095 1 1 0
34.6384 0.105095 0.105095 1 1 0
34.8285 0.105095 0.105095 1 1 0
35.0192 0.105095 0.105095 1 1 0
35.2104 0.105095 0.105095 1 1 0
35.4021 0.105095 0.105095 1 1 0
35.5944 0.105095 0.105095 1 1 0
35.7873 0.105095 0.105095 1 1 0
35.9807 0.105095 0.105095 1 1 0
36.1747 0.105095 0.105095 1 1 0
36.3692 0.105095 0.105095 1 1 0
36.5644 0.105095 0.105095 1 1 0
36.7601 0.105095 0.105095 1 1 0
36.9563 0.105095 0.105095 1 1 0
37.1531 0.105095 0.105095 1 1 0
37.3505 0.105095 0.105095 1 1 0
37.5485 0.105095 0.105095 1 1 0
37.7471 0.105095 0.105095 1 1 0
37.9462 0.105095 0.105095 1 1 0
38.1459 0.105095 0.105095 1 1 0
38.3462 0.105095 0.105095 1 1 0
38.5471 0.105095 0.105095 1 1 0
38.7486 0.105095 0.105095 1 1 0
38.9507 0.105095 0.105095 1 1 0
39.1533 0.105095 0.105095 1 1 0
39.3565 0.105095 0.105095 1 1 0
39.5603 0.105095 0.105095 1 1 0
39.7648 0.105095 0.105095 1 1 0
39.9697 0.105095 0.105095 1 1 0
40.1753 0.105095 0.105095 1 1 0
40.3815 0.105095 0.105095 1 1 0
40.5883 0.105095 0.105095 1 1 0
40.7957 0.105095 0.105095 1 1 0
41.0036 0.105095 0.105095 1 1 0
41.2122 0.105095 0.105095 1 1 0
41.4213 0.105095 0.105095 1 1 0
41.6311 0.105095 0.105095 1 1 0
41.8414 0.105095 0.105095 1 1 0
42.0523 0.105095 0.105095 1 1 0
42.2639 0.105095 0.105095 1 1 0
42.476 0.105095 0.105095 1 1 0
42.6887 0.105095 0.105095 1 1 0
42.902 0.105095 0.105095 1 1 0
43.1159 0.105095 0.105095 1 1 0
43.3304 0.105095 0.105095 1 1 0
43.5455 0.105095 0.105095 1 1 0
43.7612 0.105095 0.105095 1 1 0
43.9775 0.105095 0.105095 1 1 0
44.1944 0.105095 0.105095 1 1 0
44.4118 0.105095 0.105095 1 1 0
44.6299 0.105095 0.105095 1 1 0
44.8485 0.105095 0.105095 1 1 0
45.0678 0.105095 0.105095 1 1 0
45.2876 0.105095 0.105095 1 1 0
45.508 0.105095 0.105095 1 1 0
45.729 0.105095 0.105095 1 1 0
45.9505 0.105095 0.105095 1 1 0
46.1727 0.105095 0.105095 1 1 0
46.3954 0.105095 0.105095 1 1 0
46.6188 0.105095 0.105095 1 1 0
46.8427 0.105095 0.105095 1 1 0
47.0672 0.105095 0.105095 1 1 0
47.2922 0.105095 0.105095 1 1 0
47.5178 0.105095 0.105095 1 1 0
47.744 0.105095 0.105095 1 1 0
47.9708 0.105095 0.105095 1 1 0
48.1982 0.105095 0.105095 1 1 0
48.4261 0.105095 0.105095 1 1 0
48.6546 0.105095 0.105095 1 1 0
48.8836 0.105095 0.105095 1 1 0
49.1132 0.105095 0.105095 1 1 0
49.3434 0.105095 0.105095 1 1 0
49.5741 0.105095 0.105095 1 1 0
49.8054 0.105095 0.105095 1 1 0
50.0373 0.105095 0.105095 1 1 0
50.2697 0.105095 0.105095 1 1 0
50.5026 0.105095 0.105095 1 1 0
50.7361 0.105095 0.105095 1 1 0
50.9701 0.105095 0.105095 1 1 0
51.2047 0.105095 0.105095 1 1 0
51.4398 0.105095 0.105095 1 1 0
51.6755 0.105095 0.105095 1 1 0
51.9117 0.105095 0.105095 1 1 0
52.1484 0.105095 0.105095 1 1 0
52.3857 0.105095 0.105095 1 1 0
52.6235 0.105095 0.105095 1 1 0
52.8618 0.105095 0.105095 1 1 0
53.1006 0.105095 0.105095 1 1 0
53.34 0.105095 0.105095 1 1 0
53.5799 0.105095 0.105095 1 1 0
53.8203 0.105095 0.105095 1 1 0
54.0612 0.105095 0.105095 1 1 0
54.3026 0.105095 0.105095 1 1 0
54.5445 0.105095 0.105095 1 1 0
54.7869 0.105095 0.105095 1 1 0
55.0299 0.105095 0.105095 1 1 0
55.2733 0.105095 0.105095 1 1 0
55.5172 0.105095 0.105095 1 1 0
55.7616 0.105095 0.105095 1 1 0
56.0065 0.105095 0.105095 1 1 0
56.2519 0.105095 0.105095 1 1 0
56.4978 0.105095 0.105095 1 1 0
56.7442 0.105095 0.105095 1 1 0
56.991 0.105095 0.105095 1 1 0
57.2383 0.105095 0.105095 1 1 0
57.4861 0.105095 0.105095 1 1 0
57.7343 0.105095 0.105095 1 1 0
57.983 0.105095 0.105095 1 1 0
58.2322 0.105095 0.105095 1 1 0
58.4818 0.105095 0.105095 1 1 0
58.7319 0.105095 0.105095 1 1 0
58.9825 0.105095 0.105095 1 1 0
59.2335 0.105095 0.105095 1 1 0
59.4849 0.105095 0.105095 1 1 0
59.7368 0.105095 0.105095 1 1 0
59.9891 0.105095 0.105095 1 1 0
60.2419 0.105095 0.105095 1 1 0
60.4951 0.105095 0.105095 1 1 0
60.7487 0.105095 0.105095 1 1 0
61.0027 0.105095 0.105095 1 1 0
61.2572 0.105095 0.105095 1 1 0
61.5121 0.105095 0.105095 1 1 0
61.7674 0.105095 0.105095 1 1 0
62.0232 0.105095 0.105095 1 1 0
62.2793 0.105095 0.105095 1 1 0
62.5358 0.105095 0.105095 1 1 0
62.7928 0.105095 0.105095 1 1 0
63.0501 0.105095 0.105095 1 1 0
63.3079 0.105095 0.105095 1 1 0
63.5661 0.105095 0.105095 1 1 0
63.8246 0.105095 0.105095 1 1 0
64.0835 0.105095 0.105095 1 1 0
64.3428 0.105095 0.105095 1 1 0
64.6025 0.105095 0.105095 1 1 0
64.8626 0.105095 0.105095 1 1 0
65.1231 0.105095 0.105095 1 1 0
65.3839 0.105095 0.105095 1 1 0
65.6451 0.105095 0.105095 1 1 0
65.9067 0.105095 0.105095 1 1 0
66.1686 0.105095 0.105095 1 1 0
66.4309 0.105095 0.105095 1 1 0
66.6935 0.105095 0.105095 1 1 0
66.9565 0.105095 0.105095 1 1 0
67.2199 0.105095 0.105095 1 1 0
67.4836 0.105095 0.105095 1 1 0
67.7476 0.105095 0.105095 1 1 0
68.012 0.105095 0.105095 1 1 0
68.2768 0.105095 0.105095 1 1 0
68.5418 0.105095 0.105095 1 1 0
68.8072 0.105095 0.105095 1 1 0
69.0729 0.105095 0.105095 1 1 0
69.339 0.105095 0.105095 1 1 0
69.6054 0.105095 0.105095 1 1 0
69.8721 0.105095 0.105095 1 1 0
70.1391 0.105095 0.105095 1 1 0
70.4064 0.105095 0.105095 1 1 0
70.6741 0.105095 0.105095 1 1 0
70.942 0.105095 0.105095 1 1 0
71.2103 0.105095 0.105095 1 1 0
71.4789 0.105095 0.105095 1 1 0
71.7477 0.105095 0.105095 1 1 0
72.0169 0.105095 0.105095 1 1 0
72.2864 0.105095 0.105095 1 1 0
72.5561 0.105095 0.105095 1 1 0
72.8262 0.105095 0.105095 1 1 0
73.0965 0.105095 0.105095 1 1 0
73.3671 0.105095 0.105095 1 1 0
73.638 0.105095 0.105095 1 1 0
73.9092 0.105095 0.105095 1 1 0
74.1807 0.105095 0.105095 1 1 0
74.4524 0.105095 0.105095 1 1 0
74.7244 0.105095 0.105095 1 1 0
74.9967 0.105095 0.105095 1 1 0
75.2692 0.105095 0.105095 1 1 0
75.542 0.105095 0.105095 1 1 0
75.8151 0.105095 0.105095 1 1 0
76.0884 0.105095 0.105095 1 1 0
76.362 0.105095 0.105095 1 1 0
76.6358 0.105095 0.105095 1 1 0
76.9099 0.105095 0.105095 1 1 0
77.1842 0.105095 0.105095 1 1 0
77.4587 0.105095 0.105095 1 1 0
77.7336 0.105095 0.105095 1 1 0
78.0086 0.105095 0.105095 1 1 0
78.2839 0.105095 0.105095 1 1 0
78.5594 0.105095 0.105095 1 1 0
78.8352 0.105095 0.105095 1 1 0
79.1112 0.105095 0.105095 1 1 0
79.3874 0.105095 0.105095 1 1 0
79.6639 0.105095 0.105095 1 1 0
79.9406 0.105095 0.105095 1 1 0
80.2175 0.105095 0.105095 1 1 0
80.4946 0.105095 0.105095 1 1 0
80.7719 0.105095 0.105095 1 1 0
81.0495 0.105095 0.105095 1 1 0
81.3272 0.105095 0.105095 1 1 0
81.6052 0.105095 0.105095 1 1 0
81.8834 0.105095 0.105095 1 1 0
82.1618 0.105095 0.105095 1 1 0
82.4404 0.105095 0.105095 1 1 0
82.7192 0.105095 0.105095 1 1 0
82.9982 0.105095 0.105095 1 1 0
83.2774 0.105095 0.105095 1 1 0
83.5568 0.105095 0.105095 1 1 0
83.8364 0.105095 0.105095 1 1 0
84.1162 0.105095 0.105095 1 1 0
84.3961 0.105095 0.105095 1 1 0
84.6763 0.105095 0.105095 1 1 0
84.9566 0.105095 0.105095 1 1 0
85.2372 0.105095 0.105095 1 1 0
85.5179 0.105095 0.105095 1 1 0
85.7988 0.105095 0.105095 1 1 0
86.0799 0.105095 0.105095 1 1 0
86.3611 0.105095 0.105095 1 1 0
86.6426 0.105095 0.105095 1 1 0
86.9242 0.105095 0.105095 1 1 0
87.206 0.105095 0.105095 1 1 0
87.4879 0.105095 0.105095 1 1 0
87.77 0.105095 0.105095 1 1 0
88.0523 0.105095 0.105095 1 1 0
88.3348 0.105095 0.105095 1 1 0
88.6174 0.105095 0.105095 1 1 0
88.9002 0.105095 0.105095 1 1 0
89.1831 0.105095 0.105095 1 1 0
89.4662 0.105095 0.105095 1 1 0
89.7494 0.105095 0.105095 1 1 0
90.0328 0.105095 0.105095 1 1 0
90.3164 0.105095 0.105095 1 1 0
90.6001 0.105095 0.105095 1 1 0
90.884 0.105095 0.105095 1 1 0
91.168 0.105095 0.105095 1 1 0
91.4521 0.105095 0.105095 1 1 0
91.7364 0.105095 0.105095 1 1 0
92.0209 0.105095 0.105095 1 1 0
92.3055 0.105095 0.105095 1 1 0
92.5902 0.105095 0.105095 1 1 0
92.8751 0.105095 0.105095 1 1 0
93.1601 0.105095 0.105095 1 1 0
93.4453 0.105095 0.105095 1 1 0
93.7305 0.105095 0.105095 1 1 0
94.016 0.105095 0.105095 1 1 0
94.3015 0.105095 0.105095 1 1 0
94.5872 0.105095 0.105095 1 1 0
94.873 0.105095 0.105095 1 1 0
95.1589 0.105095 0.105095 1 1 0
95.445 0.105095 0.105095 1 1 0
95.7312 0.105095 0.105095 1 1 0
96.0175 0.105095 0.105095 1 1 0
96.304 0.105095 0.105095 1 1 0
96.5905 0.105095 0.105095 1 1 0
96.8772 0.105095 0.105095 1 1 0
97.164 0.105095 0.105095 1 1 0
97.4509 0.105095 0.105095 1 1 0
97.738 0.105095 0.105095 1 1 0
98.0251 0.105095 0.105095 1 1 0
98.3124 0.105095 0.105095 1 1 0
98.5998 0.105095 0.105095 1 1 0
98.8873 0.105095 0.105095 1 1 0
99.1749 0.105095 0.105095 1 1 0
99.4626 0.105095 0.105095 1 1 0
99.7505 0.105095 0.105095 1 1 0
100.038 0.105095 0.105095 1 1 0
100.326 0.105095 0.105095 1 1 0
100.615 0.105095 0.105095 1 1 0
100.903 0.105095 0.105095 1 1 0
101.191 0.105095 0.105095 1 1 0
101.48 0.105095 0.105095 1 1 0
101.768 0.105095 0.105095 1 1 0
102.057 0.105095 0.105095 1 1 0
102.346 0.105095 0.105095 1 1 0
102.635 0.105095 0.105095 1 1 0
102.923 0.105095 0.105095 1 1 0
103.213 0.105095 0.105095 1 1 0
103.502 0.105095 0.105095 1 1 0
103.791 0.105095 0.105095 1 1 0
104.08 0.105095 0.105095 1 1 0
104.37 0.105095 0.105095 1 1 0
104.659 0.105095 0.105095 1 1 0
104.949 0.105095 0.105095 1 1 0
105.239 0.105095 0.105095 1 1 0
105.528 0.105095 0.105095 1 1 0
105.818 0.105095 0.105095 1 1 0
106.108 0.105095 0.105095 1 1 0
106.398 0.105095 0.105095 1 1 0
106.688 0.105095 0.105095 1 1 0
106.979 0.105095 0.105095 1 1 0
107.269 0.105095 0.105095 1 1 0
107.559 0.105095 0.105095 1 1 0
107.85 0.105095 0.105095 1 1 0
108.14 0.105095 0.105095 1 1 0
108.431 0.105095 0.105095 1 1 0
108.722 0.105095 0.105095 1 1 0
109.012 0.105095 0.105095 1 1 0
109.303 0.105095 0.105095 1 1 0
109.594 0.105095 0.105095 1 1 0
109.885 0.105095 0.105095 1 1 0
110.176 0.105095 0.105095 1 1 0
110.468 0.105095 0.105095 1 1 0
110.759 0.105095 0.105095 1 1 0
111.05 0.105095 0.105095 1 1 0
111.342 0.105095 0.105095 1 1 0
111.633 0.105095 0.105095 1 1 0
111.925 0.105095 0.105095 1 1 0
112.216 0.105095 0.105095 1 1 0
112.508 0.105095 0.105095 1 1 0
112.8 0.105095 0.105095 1 1 0
113.091 0.105095 0.105095 1 1 0
113.383 0.105095 0.105095 1 1 0
113.675 0.105095 0.105095 1 1 0
113.967 0.105095 0.105095 1 1 0
114.259 0.105095 0.105095 1 1 0
114.552 0.105095 0.105095 1 1 0
114.844 0.105095 0.105095 1 1 0
115.136 0.105095 0.105095 1 1 0
115.428 0.105095 0.105095 1 1 0
115.721 0.105095 0.105095 1 1 0
116.013 0.105095 0.105095 1 1 0
116.306 0.105095 0.105095 1 1 0
116.598 0.105095 0.105095 1 1 0
116.891 0.105095 0.105095 1 1 0
117.184 0.105095 0.105095 1 1 0
117.477 0.105095 0.105095 1 1 0
117.769 0.105095 0.105095 1 1 0
118.062 0.105095 0.105095 1 1 0
118.355 0.105095 0.105095 1 1 0
118.648 0.105095 0.105095 1 1 0
118.941 0.105095 0.105095 1 1 0
119.234 0.105095 0.105095 1 1 0
119.528 0.105095 0.105095 1 1 0
119.821 0.105095 0.105095 1 1 0
120.114 0.105095 0.105095 1 1 0
120.407 0.105095 0.105095 1 1 0
120.701 0.105095 0.105095 1 1 0
120.994 0.105095 0.105095 1 1 0
121.288 0.105095 0.105095 1 1 0
121.581 0.105095 0.105095 1 1 0
121.875 0.105095 0.105095 1 1 0
122.168 0.105095 0.105095 1 1 0
122.462 0.105095 0.105095 1 1 0
122.756 0.105095 0.105095 1 1 0
123.05 0.105095 0.105095 1 1 0
123.344 0.105095 0.105095 1 1 0
123.637 0.105095 0.105095 1 1 0
123.931 0.105095 0.105095 1 1 0
124.225 0.105095 0.105095 1 1 0
124.519 0.105095 0.105095 1 1 0
124.813 0.105095 0.105095 1 1 0
125.108 0.105095 0.105095 1 1 0
125.402 0.105095 0.105095 1 1 0
125.696 0.105095 0.105095 1 1 0
125.99 0.105095 0.105095 1 1 0
126.285 0.105095 0.105095 1 1 0
126.579 0.105095 0.105095 1 1 0
126.873 0.105095 0.105095 1 1 0
127.168 0.105095 0.105095 1 1 0
127.462 0.105095 0.105095 1 1 0
127.757 0.105095 0.105095 1 1 0
128.051 0.105095 0.105095 1 1 0
128.346 0.105095 0.105095 1 1 0
128.64 0.105095 0.105095 1 1 0
128.935 0.105095 0.105095 1 1 0
129.23 0.105095 0.105095 1 1 0
129.525 0.105095 0.105095 1 1 0
129.819 0.105095 0.105095 1 1 0
130.114 0.105095 0.105095 1 1 0
130.409 0.105095 0.105095 1 1 0
130.704 0.105095 0.105095 1 1 0
130.999 0.105095 0.105095 1 1 0
131.294 0.105095 0.105095 1 1 0
131.589 0.105095 0.105095 1 1 0
131.884 0.105095 0.105095 1 1 0
132.179 0.105095 0.105095 1 1 0
132.474 0.105095 0.105095 1 1 0
132.77 0.105095 0.105095 1 1 0
133.065 0.105095 0.105095 1 1 0
133.36 0.105095 0.105095 1 1 0
133.655 0.105095 0.105095 1 1 0
133.951 0.105095 0.105095 1 1 0
134.246 0.105095 0.105095 1 1 0
134.542 0.105095 0.105095 1 1 0
134.837 0.105095 0.105095 1 1 0
135.132 0.105095 0.105095 1 1 0
135.428 0.105095 0.105095 1 1 0
135.723 0.105095 0.105095 1 1 0
136.019 0.105095 0.105095 1 1 0
136.315 0.105095 0.105095 1 1 0
136.61 0.105095 0.105095 1 1 0
136.906 0.105095 0.105095 1 1 0
137.202 0.105095 0.105095 1 1 0
137.497 0.105095 0.105095 1 1 0
137.793 0.105095 0.105095 1 1 0
138.089 0.105095 0.105095 1 1 0
138.385 0.105095 0.105095 1 1 0
138.68 0.105095 0.105095 1 1 0
138.976 0.105095 0.105095 1 1 0
139.272 0.105095 0.105095 1 1 0
139.568 0.105095 0.105095 1 1 0
139.864 0.105095 0.105095 1 1 0
140.16 0.105095 0.105095 1 1 0
140.456 0.105095 0.105095 1 1 0
140.752 0.105095 0.105095 1 1 0
141.048 0.105095 0.105095 1 1 0
141.344 0.105095 0.105095 1 1 0
141.641 0.105095 0.105095 1 1 0
141.937 0.105095 0.105095 1 1 0
142.233 0.105095 0.105095 1 1 0
142.529 0.105095 0.105095 1 1 0
142.825 0.105095 0.105095 1 1 0
143.122 0.105095 0.105095 1 1 0
143.418 0.105095 0.105095 1 1 0
143.714 0.105095 0.105095 1 1 0
144.011 0.105095 0.105095 1 1 0
144.307 0.105095 0.105095 1 1 0
144.603 0.105095 0.105095 1 1 0
144.9 0.105095 0.105095 1 1 0
145.196 0.105095 0.105095 1 1 0
145.493 0.105095 0.105095 1 1 0
145.789 0.105095 0.105095 1 1 0
146.086 0.105095 0.105095 1 1 0
146.382 0.105095 0.105095 1 1 0
146.679 0.105095 0.105095 1 1 0
146.975 0.105095 0.105095 1 1 0
147.272 0.105095 0.105095 1 1 0
147.569 0.105095 0.105095 1 1 0
147.865 0.105095 0.105095 1 1 0
148.162 0.105095 0.105095 1 1 0
148.459 0.105095 0.105095 1 1 0
148.756 0.105095 0.105095 1 1 0
149.052 0.105095 0.105095 1 1 0
149.349 0.105095 0.105095 1 1 0
149.646 0.105095 0.105095 1 1 0
149.943 0.105095 0.105095 1 1 0
150.24 0.105095 0.105095 1 1 0
150.536 0.105095 0.105095 1 1 0
150.833 0.105095 0.105095 1 1 0
151.13 0.105095 0.105095 1 1 0
151.427 0.105095 0.105095 1 1 0
151.724 0.105095 0.105095 1 1 0
152.021 0.105095 0.105095 1 1 0
152.318 0.105095 0.105095 1 1 0
152.615 0.105095 0.105095 1 1 0
152.912 0.105095 0.105095 1 1 0
153.209 0.105095 0.105095 1 1 0
153.506 0.105095 0.105095 1 1 0
153.803 0.105095 0.105095 1 1 0
154.1 0.105095 0.105095 1 1 0
154.398 0.105095 0.105095 1 1 0
154.695 0.105095 0.105095 1 1 0
154.992 0.105095 0.105095 1 1 0
155.289 0.105095 0.105095 1 1 0
155.586 0.105095 0.105095 1 1 0
155.883 0.105095 0.105095 1 1 0
156.181 0.105095 0.105095 1 1 0
156.478 0.105095 0.105095 1 1 0
156.775 0.105095 0.105095 1 1 0
157.073 0.105095 0.105095 1 1 0
157.37 0.105095 0.105095 1 1 0
157.667 0.105095 0.105095 1 1 0
157.965 0.105095 0.105095 1 1 0
158.262 0.105095 0.105095 1 1 0
158.559 0.105095 0.105095 1 1 0
158.857 0.105095 0.105095 1 1 0
159.154 0.105095 0.105095 1 1 0
159.452 0.105095 0.105095 1 1 0
159.749 0.105095 0.105095 1 1 0
160.046 0.105095 0.105095 1 1 0
160.344 0.105095 0.105095 1 1 0
160.641 0.105095 0.105095 1 1 0
160.939 0.105095 0.105095 1 1 0
161.236 0.105095 0.105095 1 1 0
161.534 0.105095 0.105095 1 1 0
161.832 0.105095 0.105095 1 1 0
162.129 0.105095 0.105095 1 1 0
162.427 0.105095 0.105095 1 1 0
162.724 0.105095 0.105095 1 1 0
163.022 0.105095 0.105095 1 1 0
163.32 0.105095 0.105095 1 1 0
163.617 0.105095 0.105095 1 1 0
163.915 0.105095 0.105095 1 1 0
164.213 0.105095 0.105095 1 1 0
164.51 0.105095 0.105095 1 1 0
164.808 0.105095 0.105095 1 1 0
165.106 0.105095 0.105095 1 1 0
165.404 0.105095 0.105095 1 1 0
165.701 0.105095 0.105095 1 1 0
165.999 0.105095 0.105095 1 1 0
166.297 0.105095 0.105095 1 1 0
166.595 0.105095 0.105095 1 1 0
166.892 0.105095 0.105095 1 1 0
167.19 0.105095 0.105095 1 1 0
167.488 0.105095 0.105095 1 1 0
167.786 0.105095 0.105095 1 1 0
168.084 0.105095 0.105095 1 1 0
168.382 0.105095 0.105095 1 1 0
168.68 0.105095 0.105095 1 1 0
168.978 0.105095 0.105095 1 1 0
169.275 0.105095 0.105095 1 1 0
169.573 0.105095 0.105095 1 1 0
169.871 0.105095 0.105095 1 1 0
170.169 0.105095 0.105095 1 1 0
170.467 0.105095 0.105095 1 1 0
170.765 0.105095 0.105095 1 1 0
171.063 0.105095 0.105095 1 1 0
171.361 0.105095 0.105095 1 1 0
171.659 0.105095 0.105095 1 1 0
171.957 0.105095 0.105095 1 1 0
172.255 0.105095 0.105095 1 1 0
172.553 0.105095 0.105095 1 1 0
172.851 0.105095 0.105095 1 1 0
173.15 0.105095 0.105095 1 1 0
173.448 0.105095 0.105095 1 1 0
173.746 0.105095 0.105095 1 1 0
174.044 0.105095 0.105095 1 1 0
174.342 0.105095 0.105095 1 1 0
174.64 0.105095 0.105095 1 1 0
174.938 0.105095 0.105095 1 1 0
175.236 0.105095 0.105095 1 1 0
175.535 0.105095 0.105095 1 1 0
175.833 0.105095 0.105095 1 1 0
176.131 0.105095 0.105095 1 1 0
176.429 0.105095 0.105095 1 1 0
176.727 0.105095 0.105095 1 1 0
177.026 0.105095 0.105095 1 1 0
177.324 0.105095 0.105095 1 1 0
177.622 0.105095 0.105095 1 1 0
177.92 0.105095 0.105095 1 1 0
178.219 0.105095 0.105095 1 1 0
178.517 0.105095 0.105095 1 1 0
178.815 0.105095 0.105095 1 1 0
179.113 0.105095 0.105095 1 1 0
179.412 0.105095 0.105095 1 1 0
179.71 0.105095 0.105095 1 1 0
180.008 0.105095 0.105095 1 1 0
180.307 0.105095 0.105095 1 1 0
180.605 0.105095 0.105095 1 1 0
180.903 0.105095 0.105095 1 1 0
181.202 0.105095 0.105095 1 1 0
181.5 0.105095 0.105095 1 1 0
181.799 0.105095 0.105095 1 1 0
182.097 0.105095 0.105095 1 1 0
182.395 0.105095 0.105095 1 1 0
182.694 0.105095 0.105095 1 1 0
182.992 0.105095 0.105095 1 1 0
183.291 0.105095 0.105095 1 1 0
183.589 0.105095 0.105095 1 1 0
183.888 0.105095 0.105095 1 1 0
184.186 0.105095 0.105095 1 1 0
184.484 0.105095 0.105095 1 1 0
184.783 0.105095 0.105095 1 1 0
185.081 0.105095 0.105095 1 1 0
185.38 0.105095 0.105095 1 1 0
185.678 0.105095 0.105095 1 1 0
185.977 0.105095 0.105095 1 1 0
186.275 0.105095 0.105095 1 1 0
186.574 0.105095 0.105095 1 1 0
186.872 0.105095 0.105095 1 1 0
187.171 0.105095 0.105095 1 1 0
187.47 0.105095 0.105095 1 1 0
187.768 0.105095 0.105095 1 1 0
188.067 0.105095 0.105095 1 1 0
188.365 0.105095 0.105095 1 1 0
188.664 0.105095 0.105095 1 1 0
188.962 0.105095 0.105095 1 1 0
189.261 0.105095 0.105095 1 1 0
189.56 0.105095 0.105095 1 1 0
189.858 0.105095 0.105095 1 1 0
190.157 0.105095 0.105095 1 1 0
190.456 0.105095 0.105095 1 1 0
190.754 0.105095 0.105095 1 1 0
191.053 0.105095 0.105095 1 1 0
191.351 0.105095 0.105095 1 1 0
191.65 0.105095 0.105095 1 1 0
191.949 0.105095 0.105095 1 1 0
192.247 0.105095 0.105095 1 1 0
192.546 0.105095 0.105095 1 1 0
192.845 0.105095 0.105095 1 1 0
193.144 0.105095 0.105095 1 1 0
193.442 0.105095 0.105095 1 1 0
193.741 0.105095 0.105095 1 1 0
194.04 0.105095 0.105095 1 1 0
194.338 0.105095 0.105095 1 1 0
194.637 0.105095 0.105095 1 1 0
194.936 0.105095 0.105095 1 1 0
195.235 0.105095 0.105095 1 1 0
195.533 0.105095 0.105095 1 1 0
195.832 0.105095 0.105095 1 1 0
196.131 0.105095 0.105095 1 1 0
196.43 0.105095 0.105095 1 1 0
196.729 0.105095 0.105095 1 1 0
197.027 0.105095 0.105095 1 1 0
197.326 0.105095 0.105095 1 1 0
197.625 0.105095 0.105095 1 1 0
197.924 0.105095 0.105095 1 1 0
198.223 0.105095 0.105095 1 1 0
198.521 0.105095 0.105095 1 1 0
198.82 0.105095 0.105095 1 1 0
199.119 0.105095 0.105095 1 1 0
199.418 0.105095 0.105095 1 1 0
199.717 0.105095 0.105095 1 1 0
200.016 0.105095 0.105095 1 1 0
200.314 0.105095 0.105095 1 1 0
200.613 0.105095 0.105095 1 1 0
200.912 0.105095 0.105095 1 1 0
201.211 0.105095 0.105095 1 1 0
201.51 0.105095 0.105095 1 1 0
201.809 0.105095 0.105095 1 1 0
202.108 0.105095 0.105095 1 1 0
202.407 0.105095 0.105095 1 1 0
202.705 0.105095 0.105095 1 1 0
203.004 0.105095 0.105095 1 1 0
203.303 0.105095 0.105095 1 1 0
203.602 0.105095 0.105095 1 1 0
203.901 0.105095 0.105095 1 1 0
204.2 0.105095 0.105095 1 1 0
204.499 0.105095 0.105095 1 1 0
204.798 0.105095 0.105095 1 1 0
205.097 0.105095 0.105095 1 1 0
205.396 0.105095 0.105095 1 1 0
205.695 0.105095 0.105095 1 1 0
205.994 0.105095 0.105095 1 1 0
206.293 0.105095 0.105095 1 1 0
206.592 0.105095 0.105095 1 1 0
206.891 0.105095 0.105095 1 1 0
207.19 0.105095 0.105095 1 1 0
207.489 0.105095 0.105095 1 1 0
207.788 0.105095 0.105095 1 1 0
208.087 0.105095 0.105095 1 1 0
208.386 0.105095 0.105095 1 1 0
208.685 0.105095 0.105095 1 1 0
208.984 0.105095 0.105095 1 1 0
209.283 0.105095 0.105095 1 1 0
209.582 0.105095 0.105095 1 1 0
209.881 0.105095 0.105095 1 1 0
210.18 0.105095 0.105095 1 1 0
210.479 0.105095 0.105095 1 1 0
210.778 0.105095 0.105095 1 1 0
211.077 0.105095 0.105095 1 1 0
211.376 0.105095 0.105095 1 1 0
211.675 0.105095 0.105095 1 1 0
211.974 0.105095 0.105095 1 1 0
212.273 0.105095 0.105095 1 1 0
212.572 0.105095 0.105095 1 1 0
212.872 0.105095 0.105095 1 1 0
213.171 0.105095 0.105095 1 1 0
213.47 0.105095 0.105095 1 1 0
213.769 0.105095 0.105095 1 1 0
214.068 0.105095 0.105095 1 1 0
214.367 0.105095 0.105095 1 1 0
214.666 0.105095 0.105095 1 1 0
214.965 0.105095 0.105095 1 1 0
215.264 0.105095 0.105095 1 1 0
215.564 0.105095 0.105095 1 1 0
215.863 0.105095 0.105095 1 1 0
216.162 0.105095 0.105095 1 1 0
216.461 0.105095 0.105095 1 1 0
216.76 0.105095 0.105095 1 1 0
217.059 0.105095 0.105095 1 1 0
217.358 0.105095 0.105095 1 1 0
217.658 0.105095 0.105095 1 1 0
217.957 0.105095 0.105095 1 1 0
218.256 0.105095 0.105095 1 1 0
218.555 0.105095 0.105095 1 1 0
218.854 0.105095 0.105095 1 1 0
219.153 0.105095 0.105095 1 1 0
219.453 0.105095 0.105095 1 1 0
219.752 0.105095 0.105095 1 1 0
220.051 0.105095 0.105095 1 1 0
220.35 0.105095 0.105095 1 1 0
220.649 0.105095 0.105095 1 1 0
220.948 0.105095 0.105095 1 1 0
221.248 0.105095 0.105095 1 1 0
221.547 0.105095 0.105095 1 1 0
221.846 0.105095 0.105095 1 1 0
222.145 0.105095 0.105095 1 1 0
222.445 0.105095 0.105095 1 1 0
222.744 0.105095 0.105095 1 1 0
223.043 0.105095 0.105095 1 1 0
223.342 0.105095 0.105095 1 1 0
223.641 0.105095 0.105095 1 1 0
223.941 0.105095 0.105095 1 1 0
224.24 0.105095 0.105095 1 1 0
224.539 0.105095 0.105095 1 1 0
224.838 0.105095 0.105095 1 1 0
225.138 0.105095 0.105095 1 1 0
225.437 0.105095 0.105095 1 1 0
225.736 0.105095 0.105095 1 1 0
226.035 0.105095 0.105095 1 1 0
226.335 0.105095 0.105095 1 1 0
226.634 0.105095 0.105095 1 1 0
226.933 0.105095 0.105095 1 1 0
227.233 0.105095 0.105095 1 1 0
227.532 0.105095 0.105095 1 1 0
227.831 0.105095 0.105095 1 1 0
228.13 0.105095 0.105095 1 1 0
228.43 0.105095 0.105095 1 1 0
228.729 0.105095 0.105095 1 1 0
229.028 0.105095 0.105095 1 1 0
229.328 0.105095 0.105095 1 1 0
229.627 0.105095 0.105095 1 1 0
229.926 0.105095 0.105095 1 1 0
230.226 0.105095 0.105095 1 1 0
230.525 0.105095 0.105095 1 1 0
230.824 0.105095 0.105095 1 1 0
231.124 0.105095 0.105095 1 1 0
231.423 0.105095 0.105095 1 1 0
231.722 0.105095 0.105095 1 1 0
232.021 0.105095 0.105095 1 1 0
232.321 0.105095 0.105095 1 1 0
232.62 0.105095 0.105095 1 1 0
232.919 0.105095 0.105095 1 1 0
233.219 0.105095 0.105095 1 1 0
233.518 0.105095 0.105095 1 1 0
233.818 0.105095 0.105095 1 1 0
234.117 0.105095 0.105095 1 1 0
234.416 0.105095 0.105095 1 1 0
234.716 0.105095 0.105095 1 1 0
235.015 0.105095 0.105095 1 1 0
235.314 0.105095 0.105095 1 1 0
235.614 0.105095 0.105095 1 1 0
235.913 0.105095 0.105095 1 1 0
236.212 0.105095 0.105095 1 1 0
236.512 0.105095 0.105095 1 1 0
236.811 0.105095 0.105095 1 1 0
237.111 0.105095 0.105095 1 1 0
237.41 0.105095 0.105095 1 1 0
237.709 0.105095 0.105095 1 1 0
238.009 0.105095 0.105095 1 1 0
238.308 0.105095 0.105095 1 1 0
238.608 0.105095 0.105095 1 1 0
238.907 0.105095 0.105095 1 1 0
239.206 0.105095 0.105095 1 1 0
239.506 0.105095 0.105095 1 1 0
239.805 0.105095 0.105095 1 1 0
240.105 0.105095 0.105095 1 1 0
240.404 0.105095 0.105095 1 1 0
240.703 0.105095 0.105095 1 1 0
241.003 0.105095 0.105095 1 1 0
241.302 0.105095 0.105095 1 1 0
241.602 0.105095 0.105095 1 1 0
241.901 0.105095 0.105095 1 1 0
242.201 0.105095 0.105095 1 1 0
242.5 0.105095 0.105095 1 1 0
242.799 0.105095 0.105095 1 1 0
243.099 0.105095 0.105095 1 1 0
243.398 0.105095 0.105095 1 1 0
243.698 0.105095 0.105095 1 1 0
243.997 0.105095 0.105095 1 1 0
244.297 0.105095 0.105095 1 1 0
244.596 0.105095 0.105095 1 1 0
244.895 0.105095 0.105095 1 1 0
245.195 0.105095 0.105095 1 1 0
245.494 0.105095 0.105095 1 1 0
245.794 0.105095 0.105095 1 1 0
246.093 0.105095 0.105095 1 1 0
246.393 0.105095 0.105095 1 1 0
246.692 0.105095 0.105095 1 1 0
246.992 0.105095 0.105095 1 1 0
247.291 0.105095 0.105095 1 1 0
247.591 0.105095 0.105095 1 1 0
247.89 0.105095 0.105095 1 1 0
248.19 0.105095 0.105095 1 1 0
248.489 0.105095 0.105095 1 1 0
248.789 0.105095 0.105095 1 1 0
249.088 0.105095 0.105095 1 1 0
249.388 0.105095 0.105095 1 1 0
249.687 0.105095 0.105095 1 1 0
249.987 0.105095 0.105095 1 1 0
250.286 0.105095 0.105095 1 1 0
250.586 0.105095 0.105095 1 1 0
250.885 0.105095 0.105095 1 1 0
251.185 0.105095 0.105095 1 1 0
251.484 0.105095 0.105095 1 1 0
251.784 0.105095 0.105095 1 1 0
252.083 0.105095 0.105095 1 1 0
252.383 0.105095 0.105095 1 1 0
252.682 0.105095 0.105095 1 1 0
252.982 0.105095 0.105095 1 1 0
253.281 0.105095 0.105095 1 1 0
253.581 0.105095 0.105095 1 1 0
253.88 0.105095 0.105095 1 1 0
254.18 0.105095 0.105095 1 1 0
254.479 0.105095 0.105095 1 1 0
254.779 0.105095 0.105095 1 1 0
255.078 0.105095 0.105095 1 1 0
255.378 0.105095 0.105095 1 1 0
255.677 0.105095 0.105095 1 1 0
255.977 0.105095 0.105095 1 1 0
256.276 0.105095 0.105095 1 1 0
256.576 0.105095 0.105095 1 1 0
256.875 0.105095 0.105095 1 1 0
257.175 0.105095 0.105095 1 1 0
257.475 0.105095 0.105095 1 1 0
257.774 0.105095 0.105095 1 1 0
258.074 0.105095 0.105095 1 1 0
258.373 0.105095 0.105095 1 1 0
258.673 0.105095 0.105095 1 1 0
258.972 0.105095 0.105095 1 1 0
259.272 0.105095 0.105095 1 1 0
259.571 0.105095 0.105095 1 1 0
259.871 0.105095 0.105095 1 1 0
260.171 0.105095 0.105095 1 1 0
260.47 0.105095 0.105095 1 1 0
260.77 0.105095 0.105095 1 1 0
261.069 0.105095 0.105095 1 1 0
261.369 0.105095 0.105095 1 1 0
261.668 0.105095 0.105095 1 1 0
261.968 0.105095 0.105095 1 1 0
262.267 0.105095 0.105095 1 1 0
262.567 0.105095 0.105095 1 1 0
262.867 0.105095 0.105095 1 1 0
263.166 0.105095 0.105095 1 1 0
263.466 0.105095 0.105095 1 1 0
263.765 0.105095 0.105095 1 1 0
264.065 0.105095 0.105095 1 1 0
264.365 0.105095 0.105095 1 1 0
264.664 0.105095 0.105095 1 1 0
264.964 0.105095 0.105095 1 1 0
265.263 0.105095 0.105095 1 1 0
265.563 0.105095 0.105095 1 1 0
265.863 0.105095 0.105095 1 1 0
266.162 0.105095 0.105095 1 1 0
266.462 0.105095 0.105095 1 1 0
266.761 0.105095 0.105095 1 1 0
267.061 0.105095 0.105095 1 1 0
267.361 0.105095 0.105095 1 1 0
267.66 0.105095 0.105095 1 1 0
267.96 0.105095 0.105095 1 1 0
268.259 0.105095 0.105095 1 1 0
268.559 0.105095 0.105095 1 1 0
268.859 0.105095 0.105095 1 1 0
269.158 0.105095 0.105095 1 1 0
269.458 0.105095 0.105095 1 1 0
269.757 0.105095 0.105095 1 1 0
270.057 0.105095 0.105095 1 1 0
270.357 0.105095 0.105095 1 1 0
270.656 0.105095 0.105095 1 1 0
270.956 0.105095 0.105095 1 1 0
271.256 0.105095 0.105095 1 1 0
271.555 0.105095 0.105095 1 1 0
271.855 0.105095 0.105095 1 1 0
272.154 0.105095 0.105095 1 1 0
272.454 0.105095 0.105095 1 1 0
272.754 0.105095 0.105095 1 1 0
273.053 0.105095 0.105095 1 1 0
273.353 0.105095 0.105095 1 1 0
273.653 0.105095 0.105095 1 1 0
273.952 0.105095 0.105095 1 1 0
274.252 0.105095 0.105095 1 1 0
274.551 0.105095 0.105095 1 1 0
274.851 0.105095 0.105095 1 1 0
275.151 0.105095 0.105095 1 1 0
275.45 0.105095 0.105095 1 1 0
275.75 0.105095 0.105095 1 1 0
276.05 0.105095 0.105095 1 1 0
276.349 0.105095 0.105095 1 1 0
276.649 0.105095 0.105095 1 1 0
276.949 0.105095 0.105095 1 1 0
277.248 0.105095 0.105095 1 1 0
277.548 0.105095 0.105095 1 1 0
277.848 0.105095 0.105095 1 1 0
278.147 0.105095 0.105095 1 1 0
278.447 0.105095 0.105095 1 1 0
278.747 0.105095 0.105095 1 1 0
279.046 0.105095 0.105095 1 1 0
279.346 0.105095 0.105095 1 1 0
279.646 0.105095 0.105095 1 1 0
279.945 0.105095 0.105095 1 1 0
280.245 0.105095 0.105095 1 1 0
280.545 0.105095 0.105095 1 1 0
280.844 0.105095 0.105095 1 1 0
281.144 0.105095 0.105095 1 1 0
281.444 0.105095 0.105095 1 1 0
281.743 0.105095 0.105095 1 1 0
282.043 0.105095 0.105095 1 1 0
282.343 0.105095 0.105095 1 1 0
282.642 0.105095 0.105095 1 1 0
282.942 0.105095 0.105095 1 1 0
283.242 0.105095 0.105095 1 1 0
283.541 0.105095 0.105095 1 1 0
283.841 0.105095 0.105095 1 1 0
284.141 0.105095 0.105095 1 1 0
284.44 0.105095 0.105095 1 1 0
284.74 0.105095 0.105095 1 1 0
285.04 0.105095 0.105095 1 1 0
285.339 0.105095 0.105095 1 1 0
285.639 0.105095 0.105095 1 1 0
285.939 0.105095 0.105095 1 1 0
286.239 0.105095 0.105095 1 1 0
286.538 0.105095 0.105095 1 1 0
286.838 0.105095 0.105095 1 1 0
287.138 0.105095 0.105095 1 1 0
287.437 0.105095 0.105095 1 1 0
287.737 0.105095 0.105095 1 1 0
288.037 0.105095 0.105095 1 1 0
288.336 0.105095 0.105095 1 1 0
288.636 0.105095 0.105095 1 1 0
288.936 0.105095 0.105095 1 1 0
289.236 0.105095 0.105095 1 1 0
289.535 0.105095 0.105095 1 1 0
289.835 0.105095 0.105095 1 1 0
290.135 0.105095 0.105095 1 1 0
290.434 0.105095 0.105095 1 1 0
290.734 0.105095 0.105095 1 1 0
291.034 0.105095 0.105095 1 1 0
291.333 0.105095 0.105095 1 1 0
291.633 0.105095 0.105095 1 1 0
291.933 0.105095 0.105095 1 1 0
292.233 0.105095 0.105095 1 1 0
292.532 0.105095 0.105095 1 1 0
292.832 0.105095 0.105095 1 1 0
293.132 0.105095 0.105095 1 1 0
293.431 0.105095 0.105095 1 1 0
293.731 0.105095 0.105095 1 1 0
294.031 0.105095 0.105095 1 1 0
294.331 0.105095 0.105095 1 1 0
294.63 0.105095 0.105095 1 1 0
294.93 0.105095 0.105095 1 1 0
295.23 0.105095 0.105095 1 1 0
295.53 0.105095 0.105095 1 1 0
295.829 0.105095 0.105095 1 1 0
296.129 0.105095 0.105095 1 1 0
296.429 0.105095 0.105095 1 1 0
296.728 0.105095 0.105095 1 1 0
297.028 0.105095 0.105095 1 1 0
297.328 0.105095 0.105095 1 1 0
297.628 0.105095 0.105095 1 1 0
297.927 0.105095 0.105095 1 1 0
298.227 0.105095 0.105095 1 1 0
298.527 0.105095 0.105095 1 1 0
298.827 0.105095 0.105095 1 1 0
299.126 0.105095 0.105095 1 1 0
299.426 0.105095 0.105095 1 1 0
299.726 0.105095 0.105095 1 1 0
300.026 0.105095 0.105095 1 1 0
300.325 0.105095 0.105095 1 1 0
300.625 0.105095 0.105095 1 1 0
300.925 0.105095 0.105095 1 1 0
301.225 0.105095 0.105095 1 1 0
301.524 0.105095 0.105095 1 1 0
301.824 0.105095 0.105095 1 1 0
302.124 0.105095 0.105095 1 1 0
302.424 0.105095 0.105095 1 1 0
302.723 0.105095 0.105095 1 1 0
303.023 0.105095 0.105095 1 1 0
303.323 0.105095 0.105095 1 1 0
303.623 0.105095 0.105095 1 1 0
303.922 0.105095 0.105095 1 1 0
304.222 0.105095 0.105095 1 1 0
304.522 0.105095 0.105095 1 1 0
304.822 0.105095 0.105095 1 1 0
305.121 0.105095 0.105095 1 1 0
305.421 0.105095 0.105095 1 1 0
305.721 0.105095 0.105095 1 1 0
306.021 0.105095 0.105095 1 1 0
306.32 0.105095 0.105095 1 1 0
306.62 0.105095 0.105095 1 1 0
306.92 0.105095 0.105095 1 1 0
307.22 0.105095 0.105095 1 1 0
307.519 0.105095 0.105095 1 1 0
307.819 0.105095 0.105095 1 1 0
308.119 0.105095 0.105095 1 1 0
308.419 0.105095 0.105095 1 1 0
308.718 0.105095 0.105095 1 1 0
309.018 0.105095 0.105095 1 1 0
309.318 0.105095 0.105095 1 1 0
309.618 0.105095 0.105095 1 1 0
309.918 0.105095 0.105095 1 1 0
310.217 0.105095 0.105095 1 1 0
310.517 0.105095 0.105095 1 1 0
310.817 0.105095 0.105095 1 1 0
311.117 0.105095 0.105095 1 1 0
311.416 0.105095 0.105095 1 1 0
311.716 0.105095 0.105095 1 1 0
312.016 0.105095 0.105095 1 1 0
312.316 0.105095 0.105095 1 1 0
312.616 0.105095 0.105095 1 1 0
312.915 0.105095 0.105095 1 1 0
313.215 0.105095 0.105095 1 1 0
313.515 0.105095 0.105095 1 1 0
313.815 0.105095 0.105095 1 1 0
314.114 0.105095 0.105095 1 1 0
314.414 0.105095 0.105095 1 1 0
314.714 0.105095 0.105095 1 1 0
315.014 0.105095 0.105095 1 1 0
315.314 0.105095 0.105095 1 1 0
315.613 0.105095 0.105095 1 1 0
315.913 0.105095 0.105095 1 1 0
316.213 0.105095 0.105095 1 1 0
316.513 0.105095 0.105095 1 1 0
316.813 0.105095 0.105095 1 1 0
317.112 0.105095 0.105095 1 1 0
317.412 0.105095 0.105095 1 1 0
317.712 0.105095 0.105095 1 1 0
318.012 0.105095 0.105095 1 1 0
318.311 0.105095 0.105095 1 1 0
318.611 0.105095 0.105095 1 1 0
318.911 0.105095 0.105095 1 1 0
319.211 0.105095 0.105095 1 1 0
319.511 0.105095 0.105095 1 1 0
319.81 0.105095 0.105095 1 1 0
320.11 0.105095 0.105095 1 1 0
320.41 0.105095 0.105095 1 1 0
320.71 0.105095 0.105095 1 1 0
321.01 0.105095 0.105095 1 1 0
321.309 0.105095 0.105095 1 1 0
321.609 0.105095 0.105095 1 1 0
321.909 0.105095 0.105095 1 1 0
322.209 0.105095 0.105095 1 1 0
322.509 0.105095 0.105095 1 1 0
322.808 0.105095 0.105095 1 1 0
323.108 0.105095 0.105095 1 1 0
323.408 0.105095 0.105095 1 1 0
323.708 0.105095 0.105095 1 1 0
324.008 0.105095 0.105095 1 1 0
324.308 0.105095 0.105095 1 1 0
324.607 0.105095 0.105095 1 1 0
324.907 0.105095 0.105095 1 1 0
325.207 0.105095 0.105095 1 1 0
325.507 0.105095 0.105095 1 1 0
325.807 0.105095 0.105095 1 1 0
326.106 0.105095 0.105095 1 1 0
326.406 0.105095 0.105095 1 1 0
326.706 0.105095 0.105095 1 1 0
327.006 0.105095 0.105095 1 1 0
327.306 0.105095 0.105095 1 1 0
327.605 0.105095 0.105095 1 1 0
327.905 0.105095 0.105095 1 1 0
328.205 0.105095 0.105095 1 1 0
328.505 0.105095 0.105095 1 1 0
328.805 0.105095 0.105095 1 1 0
329.105 0.105095 0.105095 1 1 0
329.404 0.105095 0.105095 1 1 0
329.704 0.105095 0.105095 1 1 0
330.004 0.105095 0.105095 1 1 0
330.304 0.105095 0.105095 1 1 0
330.604 0.105095 0.105095 1 1 0
330.903 0.105095 0.105095 1 1 0
331.203 0.105095 0.105095 1 1 0
331.503 0.105095 0.105095 1 1 0
331.803 0.105095 0.105095 1 1 0
332.103 0.105095 0.105095 1 1 0
332.403 0.105095 0.105095 1 1 0
332.702 0.105095 0.105095 1 1 0
333.002 0.105095 0.105095 1 1 0
333.302 0.105095 0.105095 1 1 0
333.602 0.105095 0.105095 1 1 0
333.902 0.105095 0.105095 1 1 0
334.202 0.105095 0.105095 1 1 0
334.501 0.105095 0.105095 1 1 0
334.801 0.105095 0.105095 1 1 0
335.101 0.105095 0.105095 1 1 0
335.401 0.105095 0.105095 1 1 0
335.701 0.105095 0.105095 1 1 0
336 0.105095 0.105095 1 1 0
336.3 0.105095 0.105095 1 1 0
336.6 0.105095 0.105095 1 1 0
336.9 0.105095 0.105095 1 1 0
337.2 0.105095 0.105095 1 1 0
337.5 0.105095 0.105095 1 1 0
337.799 0.105095 0.105095 1 1 0
338.099 0.105095 0.105095 1 1 0
338.399 0.105095 0.105095 1 1 0
338.699 0.105095 0.105095 1 1 0
338.999 0.105095 0.105095 1 1 0
339.299 0.105095 0.105095 1 1 0
339.599 0.105095 0.105095 1 1 0
339.898 0.105095 0.105095 1 1 0
340.198 0.105095 0.105095 1 1 0
340.498 0.105095 0.105095 1 1 0
340.798 0.105095 0.105095 1 1 0
341.098 0.105095 0.105095 1 1 0
341.398 0.105095 0.105095 1 1 0
341.697 0.105095 0.105095 1 1 0
341.997 0.105095 0.105095 1 1 0
342.297 0.105095 0.105095 1 1 0
342.597 0.105095 0.105095 1 1 0
342.897 0.105095 0.105095 1 1 0
343.197 0.105095 0.105095 1 1 0
343.496 0.105095 0.105095 1 1 0
343.796 0.105095 0.105095 1 1 0
344.096 0.105095 0.105095 1 1 0
344.396 0.105095 0.105095 1 1 0
344.696 0.105095 0.105095 1 1 0
344.996 0.105095 0.105095 1 1 0
345.296 0.105095 0.105095 1 1 0
345.595 0.105095 0.105095 1 1 0
345.895 0.105095 0.105095 1 1 0
346.195 0.105095 0.105095 1 1 0
346.495 0.105095 0.105095 1 1 0
346.795 0.105095 0.105095 1 1 0
347.095 0.105095 0.105095 1 1 0
347.394 0.105095 0.105095 1 1 0
347.694 0.105095 0.105095 1 1 0
347.994 0.105095 0.105095 1 1 0
348.294 0.105095 0.105095 1 1 0
348.594 0.105095 0.105095 1 1 0
348.894 0.105095 0.105095 1 1 0
349.194 0.105095 0.105095 1 1 0
349.493 0.105095 0.105095 1 1 0
349.793 0.105095 0.105095 1 1 0
350.093 0.105095 0.105095 1 1 0
350.393 0.105095 0.105095 1 1 0
350.693 0.105095 0.105095 1 1 0
350.993 0.105095 0.105095 1 1 0
351.293 0.105095 0.105095 1 1 0
351.592 0.105095 0.105095 1 1 0
351.892 0.105095 0.105095 1 1 0
352.192 0.105095 0.105095 1 1 0
352.492 0.105095 0.105095 1 1 0
352.792 0.105095 0.105095 1 1 0
353.092 0.105095 0.105095 1 1 0
353.392 0.105095 0.105095 1 1 0
353.691 0.105095 0.105095 1 1 0
353.991 0.105095 0.105095 1 1 0
354.291 0.105095 0.105095 1 1 0
354.591 0.105095 0.105095 1 1 0
354.891 0.105095 0.105095 1 1 0
355.191 0.105095 0.105095 1 1 0
355.491 0.105095 0.105095 1 1 0
355.791 0.105095 0.105095 1 1 0
356.09 0.105095 0.105095 1 1 0
356.39 0.105095 0.105095 1 1 0
356.69 0.105095 0.105095 1 1 0
356.99 0.105095 0.105095 1 1 0
357.29 0.105095 0.105095 1 1 0
357.59 0.105095 0.105095 1 1 0
357.89 0.105095 0.105095 1 1 0
358.189 0.105095 0.105095 1 1 0
358.489 0.105095 0.105095 1 1 0
358.789 0.105095 0.105095 1 1 0
359.089 0.105095 0.105095 1 1 0
359.389 0.105095 0.105095 1 1 0
359.689 0.105095 0.105095 1 1 0
359.989 0.105095 0.105095 1 1 0
360.289 0.105095 0.105095 1 1 0
360.588 0.105095 0.105095 1 1 0
360.888 0.105095 0.105095 1 1 0
361.188 0.105095 0.105095 1 1 0
361.488 0.105095 0.105095 1 1 0
361.788 0.105095 0.105095 1 1 0
362.088 0.105095 0.105095 1 1 0
362.388 0.105095 0.105095 1 1 0
362.687 0.105095 0.105095 1 1 0
362.987 0.105095 0.105095 1 1 0
363.287 0.105095 0.105095 1 1 0
363.587 0.105095 0.105095 1 1 0
363.887 0.105095 0.105095 1 1 0
364.187 0.105095 0.105095 1 1 0
364.487 0.105095 0.105095 1 1 0
364.787 0.105095 0.105095 1 1 0
365.086 0.105095 0.105095 1 1 0
365.386 0.105095 0.105095 1 1 0
365.686 0.105095 0.105095 1 1 0
365.986 0.105095 0.105095 1 1 0
366.286 0.105095 0.105095 1 1 0
366.586 0.105095 0.105095 1 1 0
366.886 0.105095 0.105095 1 1 0
367.186 0.105095 0.105095 1 1 0
367.486 0.105095 0.105095 1 1 0
367.785 0.105095 0.105095 1 1 0
368.085 0.105095 0.105095 1 1 0
368.385 0.105095 0.105095 1 1 0
368.685 0.105095 0.105095 1 1 0
368.985 0.105095 0.105095 1 1 0
369.285 0.105095 0.105095 1 1 0
369.585 0.105095 0.105095 1 1 0
369.885 0.105095 0.105095 1 1 0
370.184 0.105095 0.105095 1 1 0
370.484 0.105095 0.105095 1 1 0
370.784 0.105095 0.105095 1 1 0
371.084 0.105095 0.105095 1 1 0
371.384 0.105095 0.105095 1 1 0
371.684 0.105095 0.105095 1 1 0
371.984 0.105095 0.105095 1 1 0
372.284 0.105095 0.105095 1 1 0
372.584 0.105095 0.105095 1 1 0
372.883 0.105095 0.105095 1 1 0
373.183 0.105095 0.105095 1 1 0
373.483 0.105095 0.105095 1 1 0
373.783 0.105095 0.105095 1 1 0
374.083 0.105095 0.105095 1 1 0
374.383 0.105095 0.105095 1 1 0
374.683 0.105095 0.105095 1 1 0
374.983 0.105095 0.105095 1 1 0
375.283 0.105095 0.105095 1 1 0
375.582 0.105095 0.105095 1 1 0
375.882 0.105095 0.105095 1 1 0
376.182 0.105095 0.105095 1 1 0
376.482 0.105095 0.105095 1 1 0
376.782 0.105095 0.105095 1 1 0
377.082 0.105095 0.105095 1 1 0
377.382 0.105095 0.105095 1 1 0
377.682 0.105095 0.105095 1 1 0
377.982 0.105095 0.105095 1 1 0
378.281 0.105095 0.105095 1 1 0
378.581 0.105095 0.105095 1 1 0
378.881 0.105095 0.105095 1 1 0
379.181 0.105095 0.105095 1 1 0
379.481 0.105095 0.105095 1 1 0
379.781 0.105095 0.105095 1 1 0
380.081 0.105095 0.105095 1 1 0
380.381 0.105095 0.105095 1 1 0
380.681 0.105095 0.105095 1 1 0
380.98 0.105095 0.105095 1 1 0
381.28 0.105095 0.105095 1 1 0
381.58 0.105095 0.105095 1 1 0
381.88 0.105095 0.105095 1 1 0
382.18 0.105095 0.105095 1 1 0
382.48 0.105095 0.105095 1 1 0
382.78 0.105095 0.105095 1 1 0
383.08 0.105095 0.105095 1 1 0
383.38 0.105095 0.105095 1 1 0
383.68 0.105095 0.105095 1 1 0
383.979 0.105095 0.105095 1 1 0
384.279 0.105095 0.105095 1 1 0
384.579 0.105095 0.105095 1 1 0
384.879 0.105095 0.105095 1 1 0
385.179 0.105095 0.105095 1 1 0
385.479 0.105095 0.105095 1 1 0
385.779 0.105095 0.105095 1 1 0
386.079 0.105095 0.105095 1 1 0
386.379 0.105095 0.105095 1 1 0
386.679 0.105095 0.105095 1 1 0
386.978 0.105095 0.105095 1 1 0
387.278 0.105095 0.105095 1 1 0
387.578 0.105095 0.105095 1 1 0
387.878 0.105095 0.105095 1 1 0
388.178 0.105095 0.105095 1 1 0
388.478 0.105095 0.105095 1 1 0
388.778 0.105095 0.105095 1 1 0
389.078 0.105095 0.105095 1 1 0
389.378 0.105095 0.105095 1 1 0
389.678 0.105095 0.105095 1 1 0
389.977 0.105095 0.105095 1 1 0
390.277 0.105095 0.105095 1 1 0
390.577 0.105095 0.105095 1 1 0
390.877 0.105095 0.105095 1 1 0
391.177 0.105095 0.105095 1 1 0
391.477 0.105095 0.105095 1 1 0
391.777 0.105095 0.105095 1 1 0
392.077 0.105095 0.105095 1 1 0
392.377 0.105095 0.105095 1 1 0
392.677 0.105095 0.105095 1 1 0
392.977 0.105095 0.105095 1 1 0
393.276 0.105095 0.105095 1 1 0
393.576 0.105095 0.105095 1 1 0
393.876 0.105095 0.105095 1 1 0
394.176 0.105095 0.105095 1 1 0
394.476 0.105095 0.105095 1 1 0
394.776 0.105095 0.105095 1 1 0
395.076 0.105095 0.105095 1 1 0
395.376 0.105095 0.105095 1 1 0
395.676 0.105095 0.105095 1 1 0
395.976 0.105095 0.105095 1 1 0
396.276 0.105095 0.105095 1 1 0
396.575 0.105095 0.105095 1 1 0
396.875 0.105095 0.105095 1 1 0
397.175 0.105095 0.105095 1 1 0
397.475 0.105095 0.105095 1 1 0
397.775 0.105095 0.105095 1 1 0
398.075 0.105095 0.105095 1 1 0
398.375 0.105095 0.105095 1 1 0
398.675 0.105095 0.105095 1 1 0
398.975 0.105095 0.105095 1 1 0
399.275 0.105095 0.105095 1 1 0
399.575 0.105095 0.105095 1 1 0
399.874 0.105095 0.105095 1 1 0
400.174 0.105095 0.105095 1 1 0
0.784777 0.410628 0.410628 4 7 0
0.784706 0.410614 0.410614 3 7 0
0.784486 0.410572 0.410572 3 7 0
0.784078 0.410493 0.410493 3 7 0
0.783482 0.410379 0.410379 3 7 0
0.782696 0.410228 0.410228 3 7 0
0.781722 0.410042 0.410042 3 7 0
0.780559 0.409821 0.409821 3 7 0
0.779207 0.409565 0.409565 3 7 0
0.777666 0.409275 0.409275 3 7 0
0.775935 0.408951 0.408951 3 7 0
0.774014 0.408593 0.408593 3 7 0
0.771904 0.408203 0.408203 3 7 0
0.769604 0.40778 0.40778 3 7 0
0.767115 0.407325 0.407325 3 7 0
0.764437 0.406839 0.406839 3 7 0
0.76157 0.406321 0.406321 3 7 0
0.758515 0.405773 0.405773 3 7 0
0.755274 0.405194 0.405194 3 7 0
0.751848 0.404584 0.404584 3 7 0
0.748238 0.403944 0.403944 3 7 0
0.744447 0.403274 0.403274 3 7 0
0.740477 0.402574 0.402574 3 7 0
0.73633 0.401843 0.401843 3 7 0
0.732011 0.401082 0.401082 3 7 0
0.727523 0.400291 0.400291 3 7 0
0.72287 0.399469 0.399469 3 7 0
0.718056 0.398616 0.398616 3 7 0
0.713086 0.397733 0.397733 3 7 0
0.707966 0.396818 0.396818 3 7 0
0.7027 0.395873 0.395873 3 7 0
0.697295 0.394897 0.394897 3 7 0
0.691755 0.39389 0.39389 3 7 0
0.686088 0.392852 0.392852 3 7 0
0.680299 0.391783 0.391783 3 7 0
0.674394 0.390684 0.390684 3 7 0
0.668379 0.389555 0.389555 3 7 0
0.662261 0.388396 0.388396 3 7 0
0.656046 0.387207 0.387207 3 7 0
0.649739 0.38599 0.38599 3 7 0
0.643346 0.384745 0.384745 3 7 0
0.636873 0.383471 0.383471 3 7 0
0.630327 0.382171 0.382171 3 7 0
0.623712 0.380844 0.380844 3 7 0
0.617034 0.379492 0.379492 3 7 0
0.610298 0.378114 0.378114 3 7 0
0.60351 0.376712 0.376712 3 7 0
0.596674 0.375286 0.375286 3 7 0
0.589795 0.373838 0.373838 3 7 0
0.582879 0.372367 0.372367 3 7 0
0.575929 0.370876 0.370876 3 7 0
0.56895 0.369363 0.369363 3 7 0
0.561947 0.367831 0.367831 3 7 0
0.554924 0.366279 0.366279 3 7 0
0.547884 0.364709 0.364709 3 7 0
0.540833 0.363121 0.363121 3 7 0
0.533774 0.361517 0.361517 3 7 0
0.526711 0.359895 0.359895 3 7 0
0.519648 0.358258 0.358258 3 7 0
0.512588 0.356605 0.356605 3 7 0
0.505535 0.354938 0.354938 3 7 0
0.498493 0.353257 0.353257 3 7 0
0.491464 0.351562 0.351562 3 7 0
0.484453 0.349853 0.349853 3 7 0
0.477463 0.348133 0.348133 3 7 0
0.470496 0.3464 0.3464 3 7 0
0.463557 0.344655 0.344655 3 7 0
0.456647 0.342899 0.342899 3 7 0
0.44977 0.341132 0.341132 3 7 0
0.442929 0.339354 0.339354 3 7 0
0.436126 0.337566 0.337566 3 7 0
0.429365 0.335768 0.335768 3 7 0
0.422647 0.333961 0.333961 3 7 0
0.415975 0.332144 0.332144 3 7 0
0.409352 0.330318 0.330318 3 7 0
0.402779 0.328483 0.328483 3 7 0
0.39626 0.32664 0.32664 3 7 0
0.389796 0.324789 0.324789 3 7 0
0.383388 0.322929 0.322929 3 7 0
0.377039 0.321061 0.321061 3 7 0
0.370751 0.319186 0.319186 3 7 0
0.364526 0.317303 0.317303 3 7 0
0.358364 0.315413 0.315413 3 7 0
0.352267 0.313516 0.313516 3 7 0
0.346236 0.311611 0.311611 3 7 0
0.340274 0.3097 0.3097 3 7 0
0.33438 0.307781 0.307781 3 7 0
0.328556 0.305856 0.305856 3 7 0
0.322803 0.303925 0.303925 3 7 0
0.317122 0.301986 0.301986 3 7 0
0.311513 0.300042 0.300042 3 7 0
0.305977 0.298091 0.298091 3 7 0
0.300514 0.296134 0.296134 3 7 0
0.295125 0.29417 0.29417 3 7 0
0.289811 0.292201 0.292201 3 7 0
0.284571 0.290226 0.290226 3 7 0
0.279406 0.288245 0.288245 3 7 0
0.274316 0.286258 0.286258 3 7 0
0.269301 0.284265 0.284265 3 7 0
0.264361 0.282267 0.282267 3 7 0
0.259496 0.280263 0.280263 3 7 0
0.254706 0.278253 0.278253 3 7 0
0.249991 0.276239 0.276239 3 7 0
0.24535 0.274219 0.274219 3 7 0
0.240783 0.272194 0.272194 3 7 0
0.23629 0.270164 0.270164 3 7 0
0.231871 0.268129 0.268129 3 7 0
0.227524 0.266089 0.266089 3 7 0
0.223251 0.264044 0.264044 3 7 0
0.219049 0.261995 0.261995 3 7 0
0.214919 0.259941 0.259941 3 7 0
0.21086 0.257884 0.257884 3 7 0
0.206871 0.255822 0.255822 3 7 0
0.202953 0.253756 0.253756 3 7 0
0.199103 0.251687 0.251687 3 7 0
0.195323 0.249613 0.249613 3 7 0
0.19161 0.247537 0.247537 3 7 0
0.187965 0.245457 0.245457 3 7 0
0.184386 0.243375 0.243375 3 7 0
0.180873 0.24129 0.24129 3 7 0
0.177425 0.239202 0.239202 3 7 0
0.174042 0.237112 0.237112 3 7 0
0.170723 0.23502 0.23502 3 7 0
0.167466 0.232926 0.232926 3 7 0
0.164272 0.230831 0.230831 3 7 0
0.16114 0.228734 0.228734 3 7 0
0.158068 0.226637 0.226637 3 7 0
0.155056 0.224539 0.224539 3 7 0
0.152104 0.222441 0.222441 3 7 0
0.14921 0.220344 0.220344 3 7 0
0.146374 0.218246 0.218246 3 7 0
0.143595 0.216149 0.216149 3 7 0
0.140872 0.214054 0.214054 3 7 0
0.138205 0.21196 0.21196 3 7 0
0.135592 0.209867 0.209867 3 7 0
0.133034 0.207777 0.207777 3 7 0
0.130528 0.20569 0.20569 3 7 0
0.128075 0.203606 0.203606 3 7 0
0.125674 0.201525 0.201525 3 7 0
0.123324 0.199448 0.199448 3 7 0
0.121024 0.197375 0.197375 3 7 0
0.118774 0.195307 0.195307 3 7 0
0.116572 0.193244 0.193244 3 7 0
0.114418 0.191187 0.191187 3 7 0
0.112312 0.189135 0.189135 3 7 0
0.110252 0.18709 0.18709 3 7 0
0.108238 0.185052 0.185052 3 7 0
0.106269 0.183021 0.183021 3 7 0
0.104345 0.180997 0.180997 3 7 0
0.102464 0.178982 0.178982 3 7 0
0.100626 0.176975 0.176975 3 7 0
0.0988299 0.174977 0.174977 3 7 0
0.0970756 0.172989 0.172989 3 7 0
0.0953619 0.17101 0.17101 3 7 0
0.0936883 0.169041 0.169041 3 7 0
0.092054 0.167083 0.167083 3 7 0
0.0904582 0.165135 0.165135 3 7 0
0.0889003 0.163199 0.163199 3 7 0
0.0873796 0.161275 0.161275 3 7 0
0.0858954 0.159362 0.159362 3 7 0
0.0844468 0.157461 0.157461 3 7 0
0.0830333 0.155573 0.155573 3 7 0
0.0816541 0.153698 0.153698 3 7 0
0.0803086 0.151836 0.151836 3 7 0
0.0789959 0.149988 0.149988 3 7 0
0.0777155 0.148153 0.148153 3 7 0
0.0764667 0.146331 0.146331 3 7 0
0.0752487 0.144524 0.144524 3 7 0
0.0740609 0.142731 0.142731 3 7 0
0.0729026 0.140953 0.140953 3 7 0
0.0717732 0.139189 0.139189 3 7 0
0.070672 0.137439 0.137439 3 7 0
0.0695982 0.135705 0.135705 3 7 0
0.0685514 0.133985 0.133985 3 7 0
0.0675308 0.132281 0.132281 3 7 0
0.0665359 0.130592 0.130592 3 7 0
0.0655659 0.128918 0.128918 3 7 0
0.0646203 0.127259 0.127259 3 7 0
0.0636985 0.125615 0.125615 3 7 0
0.0627999 0.123986 0.123986 3 7 0
0.0619238 0.122373 0.122373 3 7 0
0.0610698 0.120775 0.120775 3 7 0
0.0602373 0.119192 0.119192 3 7 0
0.0594257 0.117625 0.117625 3 7 0
0.0586344 0.116072 0.116072 3 7 0
0.057863 0.114535 0.114535 3 7 0
0.0571109 0.113013 0.113013 3 7 0
0.0563776 0.111505 0.111505 3 7 0
0.0556626 0.110013 0.110013 3 7 0
0.0549654 0.108535 0.108535 3 7 0
0.0542857 0.107072 0.107072 3 7 0
0.0536228 0.105623 0.105623 3 7 0
0.0529763 0.104189 0.104189 3 7 0
0.0523459 0.102769 0.102769 3 7 0
0.051731 0.101363 0.101363 3 7 0
0.0511313 0.0999716 0.0999716 3 7 0
0.0505464 0.0985938 0.0985938 3 7 0
0.0499758 0.0972298 0.0972298 3 7 0
0.0494192 0.0958795 0.0958795 3 7 0
0.0488762 0.0945427 0.0945427 3 7 0
0.0483465 0.0932192 0.0932192 3 7 0
0.0478296 0.0919089 0.0919089 3 7 0
0.0473254 0.0906117 0.0906117 3 7 0
0.0468333 0.0893273 0.0893273 3 7 0
0.0463532 0.0880558 0.0880558 3 7 0
0.0458847 0.0867968 0.0867968 3 7 0
0.0454274 0.0855503 0.0855503 3 7 0
0.0449812 0.0843161 0.0843161 3 7 0
0.0445457 0.083094 0.083094 3 7 0
0.0441207 0.0818839 0.0818839 3 7 0
0.0437058 0.0806857 0.0806857 3 7 0
0.0433009 0.0794992 0.0794992 3 7 0
0.0429056 0.0783242 0.0783242 3 7 0
0.0425198 0.0771607 0.0771607 3 7 0
0.0421433 0.0760084 0.0760084 3 7 0
0.0417757 0.0748673 0.0748673 3 7 0
0.0414168 0.0737371 0.0737371 3 7 0
0.0410666 0.0726178 0.0726178 3 7 0
0.0407247 0.0715093 0.0715093 3 7 0
0.0403909 0.0704113 0.0704113 3 7 0
0.0400652 0.0693238 0.0693238 3 7 0
0.0397472 0.0682466 0.0682466 3 7 0
0.0394368 0.0671797 0.0671797 3 7 0
0.0391339 0.0661228 0.0661228 3 7 0
0.0388383 0.065076 0.065076 3 7 0
0.0385497 0.064039 0.064039 3 7 0
0.0382682 0.0630118 0.0630118 3 7 0
0.0379934 0.0619942 0.0619942 3 7 0
0.0377253 0.0609862 0.0609862 3 7 0
0.0374638 0.0599876 0.0599876 3 7 0
0.0372086 0.0589984 0.0589984 3 7 0
0.0369597 0.0580185 0.0580185 3 7 0
0.036717 0.0570478 0.0570478 3 7 0
0.0364803 0.0560862 0.0560862 3 7 0
0.0362494 0.0551336 0.0551336 3 7 0
0.0360244 0.0541899 0.0541899 3 7 0
0.035805 0.0532551 0.0532551 3 7 0
0.0355912 0.0523292 0.0523292 3 7 0
0.0353829 0.051412 0.051412 3 7 0
0.0351799 0.0505034 0.0505034 3 7 0
0.0349822 0.0496035 0.0496035 3 7 0
0.0347896 0.0487122 0.0487122 3 7 0
0.0346021 0.0478295 0.0478295 3 7 0
0.0344196 0.0469552 0.0469552 3 7 0
0.0342421 0.0460894 0.0460894 3 7 0
0.0340693 0.0452319 0.0452319 3 7 0
0.0339012 0.0443829 0.0443829 3 7 0
0.0337378 0.0435422 0.0435422 3 7 0
0.033579 0.0427099 0.0427099 3 7 0
0.0334246 0.0418858 0.0418858 3 7 0
0.0332747 0.0410701 0.0410701 3 7 0
0.0331291 0.0402626 0.0402626 3 7 0
0.0329878 0.0394633 0.0394633 3 7 0
0.0328506 0.0386723 0.0386723 3 7 0
0.0327176 0.0378896 0.0378896 3 7 0
0.0325886 0.037115 0.037115 3 7 0
0.0324636 0.0363487 0.0363487 3 7 0
0.0323425 0.0355906 0.0355906 3 7 0
0.0322253 0.0348407 0.0348407 3 7 0
0.0321118 0.0340991 0.0340991 3 7 0
0.032002 0.0333656 0.0333656 3 7 0
0.0318959 0.0326404 0.0326404 3 7 0
0.0317933 0.0319234 0.0319234 3 7 0
0.0316943 0.0312147 0.0312147 3 7 0
0.0315987 0.0305142 0.0305142 3 7 0
0.0315065 0.0298219 0.0298219 3 7 0
0.0314176 0.0291379 0.0291379 3 7 0
0.031332 0.0284621 0.0284621 3 7 0
0.0312495 0.0277946 0.0277946 3 7 0
0.0311702 0.0271354 0.0271354 3 7 0
0.031094 0.0264845 0.0264845 3 7 0
0.0310208 0.0258418 0.0258418 3 7 0
0.0309505 0.0252074 0.0252074 3 7 0
0.0308832 0.0245813 0.0245813 3 7 0
0.0308186 0.0239635 0.0239635 3 7 0
0.0307569 0.0233539 0.0233539 3 7 0
0.0306978 0.0227527 0.0227527 3 7 0
0.0306415 0.0221598 0.0221598 3 7 0
0.0305877 0.0215751 0.0215751 3 7 0
0.0305364 0.0209988 0.0209988 3 7 0
0.0304877 0.0204307 0.0204307 3 7 0
0.0304414 0.0198709 0.0198709 3 7 0
0.0303974 0.0193194 0.0193194 3 7 0
0.0303558 0.0187762 0.0187762 3 7 0
0.0303164 0.0182413 0.0182413 3 7 0
0.0302792 0.0177146 0.0177146 3 7 0
0.0302442 0.0171962 0.0171962 3 7 0
0.0302113 0.0166861 0.0166861 3 7 0
0.0301804 0.0161842 0.0161842 3 7 0
0.0301515 0.0156905 0.0156905 3 7 0
0.0301245 0.0152051 0.0152051 3 7 0
0.0300994 0.0147279 0.0147279 3 7 0
0.0300761 0.0142589 0.0142589 3 7 0
0.0300545 0.0137982 0.0137982 3 7 0
0.0300346 0.0133456 0.0133456 3 7 0
0.0300164 0.0129012 0.0129012 3 7 0
0.0299997 0.0124649 0.0124649 3 7 0
0.0299845 0.0120369 0.0120369 3 7 0
0.0299708 0.0116169 0.0116169 3 7 0
0.0299584 0.011205 0.011205 3 7 0
0.0299473 0.0108012 0.0108012 3 7 0
0.0299374 0.0104055 0.0104055 3 7 0
0.0299287 0.0100178 0.0100178 3 7 0
0.0299211 0.00963816 0.00963816 3 7 0
0.0299145 0.00926645 0.00926645 3 7 0
0.0299089 0.00890267 0.00890267 3 7 0
0.0299041 0.00854679 0.00854679 3 7 0
0.0299001 0.00819875 0.00819875 3 7 0
0.0298968 0.00785852 0.00785852 3 7 0
0.0298941 0.00752604 0.00752604 3 7 0
0.0298919 0.00720126 0.00720126 3 7 0
0.0298903 0.00688413 0.00688413 3 7 0
