0.020000, 0.757098, 0.498476
0.020000, 0.757007, 0.498426
0.020000, 0.756799, 0.498314
0.020000, 0.756411, 0.498103
0.020000, 0.755844, 0.497796
0.020000, 0.755098, 0.497391
0.020000, 0.754172, 0.496889
0.020000, 0.753066, 0.496288
0.020000, 0.751779, 0.495589
0.020000, 0.750313, 0.494792
0.020000, 0.748665, 0.493896
0.020000, 0.746835, 0.492899
0.020000, 0.744824, 0.491803
0.020000, 0.742631, 0.490607
0.020000, 0.740256, 0.489310
0.020000, 0.737698, 0.487912
0.020000, 0.734959, 0.486412
0.020000, 0.732038, 0.484811
0.020000, 0.728937, 0.483109
0.020000, 0.725655, 0.481304
0.020000, 0.722195, 0.479399
0.020000, 0.718558, 0.477392
0.020000, 0.714746, 0.475285
0.020000, 0.710762, 0.473079
0.020000, 0.706607, 0.470774
0.020000, 0.702287, 0.468372
0.020000, 0.697803, 0.465873
0.020000, 0.693161, 0.463280
0.020000, 0.688364, 0.460595
0.020000, 0.683418, 0.457820
0.020000, 0.678326, 0.454955
0.020000, 0.673096, 0.452005
0.020000, 0.667732, 0.448972
0.020000, 0.662239, 0.445857
0.020000, 0.656625, 0.442664
0.020000, 0.650894, 0.439396
0.020000, 0.645052, 0.436055
0.020000, 0.639106, 0.432643
0.020000, 0.633062, 0.429165
0.020000, 0.626925, 0.425622
0.020000, 0.620701, 0.422018
0.020000, 0.614397, 0.418356
0.020000, 0.608017, 0.414637
0.020000, 0.601567, 0.410864
0.020000, 0.595053, 0.407042
0.020000, 0.588481, 0.403172
0.020000, 0.581854, 0.399256
0.020000, 0.575178, 0.395297
0.020000, 0.568459, 0.391299
0.020000, 0.561700, 0.387262
0.020000, 0.554906, 0.383190
0.020000, 0.548083, 0.379086
0.020000, 0.541233, 0.374950
0.020000, 0.534362, 0.370786
0.020000, 0.527474, 0.366596
0.020000, 0.520572, 0.362382
0.020000, 0.513661, 0.358147
0.020000, 0.506744, 0.353892
0.020000, 0.499825, 0.349620
0.020000, 0.492908, 0.345333
0.020000, 0.485996, 0.341032
0.020000, 0.479093, 0.336721
0.020000, 0.472202, 0.332401
0.020000, 0.465327, 0.328074
0.020000, 0.458470, 0.323743
0.020000, 0.451635, 0.319408
0.020000, 0.444824, 0.315073
0.020000, 0.438042, 0.310739
0.020000, 0.431290, 0.306409
0.020000, 0.424571, 0.302083
0.020000, 0.417888, 0.297764
0.020000, 0.411244, 0.293455
0.020000, 0.404641, 0.289156
0.020000, 0.398082, 0.284869
0.020000, 0.391569, 0.280597
0.020000, 0.385104, 0.276341
0.020000, 0.378689, 0.272103
0.020000, 0.372326, 0.267884
0.020000, 0.366018, 0.263686
0.020000, 0.359766, 0.259510
0.020000, 0.353572, 0.255359
0.020000, 0.347437, 0.251233
0.020000, 0.341364, 0.247134
0.020000, 0.335352, 0.243063
0.020000, 0.329405, 0.239022
0.020000, 0.323523, 0.235011
0.020000, 0.317706, 0.231032
0.020000, 0.311957, 0.227087
0.020000, 0.306276, 0.223175
0.020000, 0.300665, 0.219300
0.020000, 0.295122, 0.215459
0.020000, 0.289651, 0.211656
0.020000, 0.284250, 0.207891
0.020000, 0.278921, 0.204164
0.020000, 0.273664, 0.200477
0.020000, 0.268478, 0.196829
0.020000, 0.263366, 0.193222
0.020000, 0.258326, 0.189656
0.020000, 0.253359, 0.186132
0.020000, 0.248465, 0.182651
0.020000, 0.243643, 0.179211
0.020000, 0.238895, 0.175815
0.020000, 0.234218, 0.172460
0.020000, 0.229615, 0.169151
0.020000, 0.225084, 0.165885
0.020000, 0.220624, 0.162662
0.020000, 0.216236, 0.159483
0.020000, 0.211920, 0.156350
0.020000, 0.207674, 0.153259
0.020000, 0.203499, 0.150214
0.020000, 0.199394, 0.147212
0.020000, 0.195358, 0.144255
0.020000, 0.191391, 0.141341
0.020000, 0.187492, 0.138472
0.020000, 0.183662, 0.135647
0.020000, 0.179898, 0.132866
0.020000, 0.176201, 0.130128
0.020000, 0.172570, 0.127434
0.020000, 0.169004, 0.124784
0.020000, 0.165503, 0.122176
0.020000, 0.162066, 0.119612
0.020000, 0.158692, 0.117090
0.020000, 0.155380, 0.114609
0.020000, 0.152131, 0.112172
0.020000, 0.148942, 0.109776
0.020000, 0.145814, 0.107422
0.020000, 0.142746, 0.105109
0.020000, 0.139737, 0.102837
0.020000, 0.136785, 0.100605
0.020000, 0.133892, 0.098413
0.020000, 0.131055, 0.096262
0.020000, 0.128274, 0.094149
0.020000, 0.125548, 0.092075
0.020000, 0.122877, 0.090041
0.020000, 0.120259, 0.088044
0.020000, 0.117695, 0.086085
0.020000, 0.115183, 0.084164
0.020000, 0.112722, 0.082280
0.020000, 0.110313, 0.080433
0.020000, 0.107953, 0.078621
0.020000, 0.105643, 0.076846
0.020000, 0.103381, 0.075105
0.020000, 0.101168, 0.073400
0.020000, 0.099001, 0.071730
0.020000, 0.096881, 0.070093
0.020000, 0.094807, 0.068490
0.020000, 0.092778, 0.066921
0.020000, 0.090793, 0.065384
0.020000, 0.088852, 0.063879
0.020000, 0.086954, 0.062406
0.020000, 0.085098, 0.060965
0.020000, 0.083283, 0.059555
0.020000, 0.081509, 0.058175
0.020000, 0.079776, 0.056825
0.020000, 0.078081, 0.055504
0.020000, 0.076426, 0.054213
0.020000, 0.074808, 0.052950
0.020000, 0.073228, 0.051716
0.020000, 0.071684, 0.050509
0.020000, 0.070176, 0.049329
0.020000, 0.068703, 0.048177
0.020000, 0.067265, 0.047050
0.020000, 0.065861, 0.045949
0.020000, 0.064490, 0.044873
0.020000, 0.063151, 0.043823
0.020000, 0.061844, 0.042796
0.020000, 0.060569, 0.041794
0.020000, 0.059324, 0.040814
0.020000, 0.058109, 0.039858
0.020000, 0.056923, 0.038924
0.020000, 0.055765, 0.038012
0.020000, 0.054635, 0.037122
0.020000, 0.053533, 0.036253
0.020000, 0.052457, 0.035404
0.020000, 0.051408, 0.034575
0.020000, 0.050384, 0.033766
0.020000, 0.049384, 0.032977
0.020000, 0.048409, 0.032206
0.020000, 0.047457, 0.031453
0.020000, 0.046529, 0.030718
0.020000, 0.045623, 0.030001
0.020000, 0.044738, 0.029300
0.020000, 0.043875, 0.028617
0.020000, 0.043033, 0.027949
0.020000, 0.042211, 0.027298
0.020000, 0.041409, 0.026661
0.020000, 0.040626, 0.026040
0.020000, 0.039862, 0.025433
0.020000, 0.039116, 0.024841
0.020000, 0.038388, 0.024262
0.020000, 0.037677, 0.023698
0.020000, 0.036983, 0.023146
0.020000, 0.036305, 0.022607
0.020000, 0.035643, 0.022080
0.020000, 0.034996, 0.021566
0.020000, 0.034365, 0.021063
0.020000, 0.033748, 0.020573
0.020000, 0.033146, 0.020093
0.020000, 0.032557, 0.019624
0.020000, 0.031982, 0.019166
0.020000, 0.031420, 0.018718
0.020000, 0.030871, 0.018281
0.020000, 0.030335, 0.017853
0.020000, 0.029810, 0.017434
0.020000, 0.029297, 0.017025
0.020000, 0.028796, 0.016625
0.020000, 0.028306, 0.016234
0.020000, 0.027827, 0.015852
0.020000, 0.027358, 0.015477
0.020000, 0.026900, 0.015111
0.020000, 0.026451, 0.014753
0.020000, 0.026013, 0.014403
0.020000, 0.025584, 0.014060
0.020000, 0.025164, 0.013725
0.020000, 0.024753, 0.013396
0.020000, 0.024351, 0.013075
0.020000, 0.023958, 0.012760
0.020000, 0.023573, 0.012452
0.020000, 0.023196, 0.012151
0.020000, 0.022827, 0.011855
0.020000, 0.022465, 0.011566
0.020000, 0.022112, 0.011283
0.020000, 0.021765, 0.011006
0.020000, 0.021426, 0.010734
0.020000, 0.021094, 0.010468
0.020000, 0.020769, 0.010208
0.020000, 0.020450, 0.009952
0.020000, 0.020138, 0.009702
0.020000, 0.019832, 0.009457
0.020000, 0.019533, 0.009217
0.020000, 0.019239, 0.008982
0.020000, 0.018952, 0.008752
0.020000, 0.018670, 0.008526
0.020000, 0.018394, 0.008305
0.020000, 0.018124, 0.008088
0.020000, 0.017859, 0.007876
0.020000, 0.017599, 0.007667
0.020000, 0.017345, 0.007463
0.020000, 0.017096, 0.007264
0.020000, 0.016852, 0.007068
0.020000, 0.016612, 0.006876
0.020000, 0.016378, 0.006688
0.020000, 0.016148, 0.006503
0.020000, 0.015923, 0.006323
0.020000, 0.015703, 0.006146
0.020000, 0.015487, 0.005972
0.020000, 0.015275, 0.005803
0.020000, 0.015068, 0.005636
0.020000, 0.014865, 0.005473
0.020000, 0.014667, 0.005314
0.020000, 0.014472, 0.005157
0.020000, 0.014281, 0.005004
0.020000, 0.014095, 0.004854
0.020000, 0.013912, 0.004708
0.020000, 0.013733, 0.004564
0.020000, 0.013558, 0.004423
0.020000, 0.013387, 0.004286
0.020000, 0.013220, 0.004151
0.020000, 0.013056, 0.004020
0.020000, 0.012895, 0.003891
0.020000, 0.012738, 0.003765
0.020000, 0.012585, 0.003642
0.020000, 0.012436, 0.003521
0.020000, 0.012289, 0.003403
0.020000, 0.012146, 0.003288
0.020000, 0.012006, 0.003176
0.020000, 0.011870, 0.003066
0.020000, 0.011737, 0.002959
0.020000, 0.011607, 0.002855
0.020000, 0.011480, 0.002753
0.020000, 0.011356, 0.002653
0.020000, 0.011235, 0.002556
0.020000, 0.011118, 0.002461
0.020000, 0.011003, 0.002369
0.020000, 0.010891, 0.002279
0.020000, 0.010782, 0.002192
0.020000, 0.010677, 0.002106
0.020000, 0.010573, 0.002024
0.020000, 0.010473, 0.001943
0.020000, 0.010375, 0.001864
0.020000, 0.010281, 0.001788
0.020000, 0.010189, 0.001714
0.020000, 0.010099, 0.001642
0.020000, 0.010012, 0.001572
0.020000, 0.009928, 0.001504
0.020000, 0.009846, 0.001438
0.020000, 0.009767, 0.001374
0.020000, 0.009690, 0.001313
0.020000, 0.009615, 0.001253
0.020000, 0.009543, 0.001195
0.020000, 0.009474, 0.001138
0.020000, 0.009406, 0.001084
0.020000, 0.009341, 0.001032
0.020000, 0.009278, 0.000981
0.020000, 0.009217, 0.000932
0.020000, 0.009158, 0.000885
0.020000, 0.009102, 0.000839
0.020000, 0.009047, 0.000795
0.020000, 0.008995, 0.000753
0.020000, 0.008944, 0.000712
0.020000, 0.008895, 0.000673
0.020000, 0.008849, 0.000635
0.020000, 0.008804, 0.000599
0.020000, 0.008760, 0.000564
0.020000, 0.008719, 0.000531
0.020000, 0.008679, 0.000499
0.020000, 0.008641, 0.000468
0.020000, 0.008605, 0.000439
0.020000, 0.008570, 0.000411
0.020000, 0.008537, 0.000384
0.020000, 0.008505, 0.000359
0.020000, 0.008475, 0.000334
0.020000, 0.008446, 0.000311
0.020000, 0.008419, 0.000289
0.020000, 0.008393, 0.000268
0.020000, 0.008368, 0.000248
0.020000, 0.008344, 0.000229
0.020000, 0.008322, 0.000211
0.020000, 0.008301, 0.000194
0.020000, 0.008281, 0.000178
0.020000, 0.008262, 0.000163
0.020000, 0.008245, 0.000149
