0.001 0 0 2 1 0
0.00134023 0 0 1 1 0
0.00159332 0 0 1 1 0
0.00184448 0 0 1 1 0
0.00209356 0 0 1 1 0
0.0023404 0 0 1 1 0
0.00258485 0 0 1 1 0
0.00282673 0 0 1 1 0
0.00306587 0 0 1 1 0
0.0033021 0 0 1 1 0
0.00353522 0 0 1 1 0
0.00376505 0 0 1 1 0
0.00399138 0 0 1 1 0
0.004214 0 0 1 1 0
0.00443271 0 0 1 1 0
0.00464729 0 0 1 1 0
0.00485751 0 0 1 1 0
0.00506315 0 0 1 1 0
0.00526396 0 0 1 1 0
0.00545973 0 0 1 1 0
0.0056502 0 0 1 1 0
0.00583512 0 0 1 1 0
0.00601427 0 0 1 1 0
0.00618738 0 0 1 1 0
0.00635422 0 0 1 1 0
0.00651453 0.00050454 0.00050454 1 1 0
0.00666808 0.00079889 0.00079889 1 1 0
0.00681461 0.000950119 0.000950119 1 1 0
0.00695391 0.0010134 0.0010134 1 1 0
0.00708573 0.000994723 0.000994723 1 1 0
0.00720985 0.00087662 0.00087662 1 1 0
0.00732607 0.000585004 0.000585004 1 1 0
0.00743416 0.000585004 0.000585004 1 1 0
0.00753394 0.000585004 0.000585004 1 1 0
0.00762523 0.000585004 0.000585004 1 1 0
0.00770786 0.000585004 0.000585004 1 1 0
0.00778166 0.000585004 0.000585004 1 1 0
0.00784652 0.000585004 0.000585004 1 1 0
0.00790229 0.000585004 0.000585004 1 1 0
0.00794888 0.000585004 0.000585004 1 1 0
0.0079862 0.000585004 0.000585004 1 1 0
0.00801416 0.000585004 0.000585004 1 1 0
0.00803273 0.000585004 0.000585004 1 1 0
0.00804184 0.000585004 0.000585004 1 1 0
0.00804286 0.000585004 0.000585004 1 1 0
0.00803812 0.000585004 0.000585004 2 1 0
0.00802388 0.000585004 0.000585004 2 1 0
0.00800014 0.000585004 0.000585004 2 1 0
0.00796692 0.000585004 0.000585004 2 1 0
0.00792419 0.000585004 0.000585004 2 1 0
0.00787198 0.000585004 0.000585004 2 1 0
0.00781027 0.000585004 0.000585004 2 1 0
0.00773905 0.000585004 0.000585004 2 1 0
0.00765827 0.000585004 0.000585004 2 1 0
0.00756788 0.000585004 0.000585004 2 1 0
0.00746778 0.000585004 0.000585004 2 1 0
0.00735784 0.000585004 0.000585004 2 1 0
0.00723789 0.000585004 0.000585004 2 1 0
0.0071077 0.000585004 0.000585004 2 1 0
0.00696699 0.000585004 0.000585004 2 1 0
0.0068154 0.000585004 0.000585004 2 1 0
0.00665251 0.000585004 0.000585004 2 1 0
0.00647781 0.000585004 0.000585004 2 1 0
0.0062907 0.000585004 0.000585004 2 1 0
0.00609051 0.000585004 0.000585004 2 1 0
0.00587645 0.000585004 0.000585004 2 1 0
0.00564763 0.000585004 0.000585004 2 1 0
0.00540306 0.000585004 0.000585004 2 1 0
0.00514163 0.000585004 0.000585004 2 1 0
0.00486214 0.000585004 0.000585004 2 1 0
0.00456323 0.000585004 0.000585004 2 1 0
0.00424349 0.000585004 0.000585004 2 1 0
0.00390133 0.000585004 0.000585004 2 1 0
0.00353509 0.000585004 0.000585004 2 1 0
0.00314299 0.000585004 0.000585004 2 1 0
0.00272315 0.000585004 0.000585004 2 1 0
0.00227357 0.000585004 0.000585004 2 1 0
0.00179218 0.000585004 0.000585004 2 1 0
0.00127682 0.000585004 0.000585004 2 1 0
0.000725244 0.000585004 0.000585004 2 1 0
0.000135157 0.000585004 0.000585004 2 1 0
-0.000495795 0.000585004 0.000585004 2 1 0
-0.00117 0.000585004 0.000585004 2 1 0
-0.00188987 0.000585004 0.000585004 2 1 0
-0.00265783 0.000585004 0.000585004 2 1 0
-0.00347625 0.000585004 0.000585004 2 1 0
-0.00434752 0.000585004 0.000585004 2 1 0
-0.00527394 0.000585004 0.000585004 2 1 0
-0.0062577 0.000585004 0.000585004 2 1 0
-0.00730094 0.000585004 0.000585004 2 1 0
-0.0084056 0.000585004 0.000585004 2 1 0
-0.00957348 0.000585004 0.000585004 2 1 0
-0.0108062 0.000585004 0.000585004 2 1 0
-0.012105 0.000585004 0.000585004 2 1 0
-0.0134711 0.000585004 0.000585004 2 1 0
-0.0149051 0.000585004 0.000585004 2 1 0
-0.0164075 0.000585004 0.000585004 2 1 0
-0.0179783 0.000585004 0.000585004 2 1 0
-0.0196169 0.000585004 0.000585004 2 1 0
-0.0213224 0.000585004 0.000585004 2 1 0
-0.0230933 0.000585004 0.000585004 2 1 0
-0.0249276 0.000585004 0.000585004 2 1 0
-0.0268223 0.000585004 0.000585004 2 1 0
-0.0287741 0.000585004 0.000585004 2 1 0
-0.0307787 0.000585004 0.000585004 2 1 0
-0.0328311 0.000585004 0.000585004 2 1 0
-0.0349254 0.000585004 0.000585004 2 1 0
-0.0370547 0.000585004 0.000585004 2 1 0
-0.0392111 0.000585004 0.000585004 2 1 0
-0.041386 0.000585004 0.000585004 2 1 0
-0.0435692 0.000585004 0.000585004 2 1 0
-0.0457497 0.000585004 0.000585004 2 1 0
-0.0479153 0.000585004 0.000585004 2 1 0
-0.0500525 0.000585004 0.000585004 2 1 0
-0.0521466 0.000585004 0.000585004 2 1 0
-0.0541816 0.000585004 0.000585004 2 1 0
-0.0561401 0.000585004 0.000585004 2 1 0
-0.0580034 0.000585004 0.000585004 2 1 0
-0.0597516 0.000585004 0.000585004 2 1 0
-0.0613632 0.000585004 0.000585004 2 1 0
-0.0628155 0.000585004 0.000585004 2 1 0
-0.0640843 0.000585004 0.000585004 2 1 0
-0.0651443 0.000585004 0.000585004 2 1 0
-0.0659686 0.000585004 0.000585004 2 1 0
-0.0665293 0.000585004 0.000585004 2 1 0
-0.066797 0.000585004 0.000585004 2 1 0
-0.0668159 0.000585004 0.000585004 2 1 0
-0.0666437 0.000585004 0.000585004 2 1 0
-0.0661057 0.000585004 0.000585004 2 1 0
-0.0651689 0.000585004 0.000585004 2 1 0
-0.0637994 0.000585004 0.000585004 2 1 0
-0.0619627 0.000585004 0.000585004 2 1 0
-0.0596232 0.000585004 0.000585004 2 1 0
-0.0567449 0.000585004 0.000585004 2 1 0
-0.0532913 0.000585004 0.000585004 2 1 0
-0.0492253 0.000585004 0.000585004 2 1 0
-0.0445098 0.000585004 0.000585004 2 1 0
-0.0391074 0.000585004 0.000585004 2 1 0
-0.0329806 0.000585004 0.000585004 2 1 0
-0.0260923 0.000585004 0.000585004 2 1 0
-0.0184053 0.000585004 0.000585004 2 1 0
-0.00988311 0.000585004 0.000585004 2 1 0
-0.000489481 0.000585004 0.000585004 2 1 0
0.0098111 0.000585004 0.000585004 2 1 0
0.0210534 0.000585004 0.000585004 2 1 0
0.0332714 0.000585004 0.000585004 2 1 0
0.0464982 0.000585004 0.000585004 2 1 0
0.0607656 0.000585004 0.000585004 2 1 0
0.0761045 0.000585004 0.000585004 2 1 0
0.0925446 0.000585004 0.000585004 2 1 0
0.110114 0.000585004 0.000585004 2 1 0
0.128841 0.000585004 0.000585004 2 1 0
0.148749 0.000585004 0.000585004 2 1 0
0.169865 0.000585004 0.000585004 2 1 0
0.192209 0.000585004 0.000585004 2 1 0
0.215805 0.000585004 0.000585004 2 1 0
0.240673 0.000585004 0.000585004 2 1 0
0.26683 0.000585004 0.000585004 2 1 0
0.294294 0.123686 0.123686 2 1 0
0.323081 0.179621 0.179621 2 1 0
0.353206 0.220492 0.220492 2 1 0
0.384682 0.253545 0.253545 2 1 0
0.417521 0.281436 0.281436 2 1 0
0.451734 0.305493 0.305493 2 1 0
0.48733 0.326495 0.326495 2 1 0
0.524319 0.344949 0.344949 2 1 0
0.562708 0.361204 0.361204 2 1 0
0.602504 0.37552 0.37552 2 1 0
0.643712 0.388093 0.388093 2 1 0
0.686337 0.399079 0.399079 2 1 0
0.730384 0.408605 0.408605 2 1 0
0.757098 0.413593 0.413593 1 1 0
0.803414 0.421004 0.421004 1 1 0
0.851158 0.427192 0.427192 1 1 0
0.900333 0.432227 0.432227 1 1 0
0.95094 0.436166 0.436166 1 1 0
1.00298 0.439061 0.439061 1 1 0
1.05645 0.440954 0.440954 1 1 0
1.11135 0.441882 0.441882 1 1 0
1.16769 0.441874 0.441874 1 1 0
1.22545 0.440956 0.440956 1 1 0
1.28465 0.439145 0.439145 1 1 0
1.34526 0.436452 0.436452 1 1 0
1.40731 0.432884 0.432884 1 1 0
1.47077 0.428439 0.428439 1 1 0
1.53565 0.42311 0.42311 1 1 0
1.60194 0.416881 0.416881 1 1 0
1.66964 0.409726 0.409726 1 1 0
1.73875 0.401612 0.401612 1 1 0
1.80926 0.39249 0.39249 1 1 0
1.88116 0.382301 0.382301 1 1 0
1.95446 0.370964 0.370964 1 1 0
2.02913 0.358377 0.358377 1 1 0
2.10519 0.344408 0.344408 1 1 0
2.18261 0.328883 0.328883 1 1 0
2.2614 0.31157 0.31157 1 1 0
2.34154 0.292149 0.292149 1 1 0
2.42303 0.270161 0.270161 1 1 0
2.50585 0.244908 0.244908 1 1 0
2.59001 0.215233 0.215233 1 1 0
2.67549 0.178932 0.178932 1 1 0
2.76227 0.130567 0.130567 1 1 0
2.85036 0.0375683 0.0375683 1 1 0
2.93974 0.0375683 0.0375683 1 1 0
3.03039 0.0375683 0.0375683 1 1 0
3.12231 0.0375683 0.0375683 1 1 0
3.21549 0.0375683 0.0375683 1 1 0
3.30991 0.0375683 0.0375683 1 1 0
3.40556 0.0375683 0.0375683 1 1 0
3.50242 0.0375683 0.0375683 1 1 0
3.60049 0.0375683 0.0375683 1 1 0
3.69975 0.0375683 0.0375683 1 1 0
3.80019 0.0375683 0.0375683 1 1 0
3.90178 0.0375683 0.0375683 1 1 0
4.00452 0.0375683 0.0375683 1 1 0
4.10839 0.0375683 0.0375683 1 1 0
4.21338 0.0375683 0.0375683 1 1 0
4.31947 0.0375683 0.0375683 1 1 0
4.42665 0.0375683 0.0375683 1 1 0
4.53489 0.0375683 0.0375683 1 1 0
4.64419 0.0375683 0.0375683 1 1 0
4.75452 0.0375683 0.0375683 1 1 0
4.86588 0.0375683 0.0375683 1 1 0
4.97824 0.0375683 0.0375683 1 1 0
5.09158 0.0375683 0.0375683 1 1 0
5.2059 0.0375683 0.0375683 1 1 0
5.32117 0.0375683 0.0375683 1 1 0
5.43738 0.0375683 0.0375683 1 1 0
5.55451 0.0375683 0.0375683 1 1 0
5.67255 0.0375683 0.0375683 1 1 0
5.79147 0.0375683 0.0375683 1 1 0
5.91126 0.0375683 0.0375683 1 1 0
6.0319 0.0375683 0.0375683 1 1 0
6.15339 0.0375683 0.0375683 1 1 0
6.27569 0.0375683 0.0375683 1 1 0
6.3988 0.0375683 0.0375683 1 1 0
6.52269 0.0375683 0.0375683 1 1 0
6.64736 0.0375683 0.0375683 1 1 0
6.77278 0.0375683 0.0375683 1 1 0
6.89894 0.0375683 0.0375683 1 1 0
7.02582 0.0375683 0.0375683 1 1 0
7.15341 0.0375683 0.0375683 1 1 0
7.2817 0.0375683 0.0375683 1 1 0
7.41066 0.0375683 0.0375683 1 1 0
7.54028 0.0375683 0.0375683 1 1 0
7.67055 0.0375683 0.0375683 1 1 0
7.80145 0.0375683 0.0375683 1 1 0
7.93297 0.0375683 0.0375683 1 1 0
8.06509 0.0375683 0.0375683 1 1 0
8.19781 0.0375683 0.0375683 1 1 0
8.33109 0.0375683 0.0375683 1 1 0
8.46494 0.0375683 0.0375683 1 1 0
8.59934 0.0375683 0.0375683 1 1 0
8.73427 0.0375683 0.0375683 1 1 0
8.86973 0.0375683 0.0375683 1 1 0
9.0057 0.0375683 0.0375683 1 1 0
9.14216 0.0375683 0.0375683 1 1 0
9.27911 0.0375683 0.0375683 1 1 0
9.41653 0.0375683 0.0375683 1 1 0
9.55442 0.0375683 0.0375683 1 1 0
9.69275 0.0375683 0.0375683 1 1 0
9.83153 0.0375683 0.0375683 1 1 0
9.97073 0.0375683 0.0375683 1 1 0
10.1104 0.0375683 0.0375683 1 1 0
10.2504 0.0375683 0.0375683 1 1 0
10.3908 0.0375683 0.0375683 1 1 0
10.5316 0.0375683 0.0375683 1 1 0
10.6728 0.0375683 0.0375683 1 1 0
10.8144 0.0375683 0.0375683 1 1 0
10.9563 0.0375683 0.0375683 1 1 0
11.0986 0.0375683 0.0375683 1 1 0
11.2412 0.0375683 0.0375683 1 1 0
11.3842 0.0375683 0.0375683 1 1 0
11.5275 0.0375683 0.0375683 1 1 0
11.6711 0.0375683 0.0375683 1 1 0
11.815 0.0375683 0.0375683 1 1 0
11.9592 0.0375683 0.0375683 1 1 0
12.1037 0.0375683 0.0375683 1 1 0
12.2486 0.0375683 0.0375683 1 1 0
12.3937 0.0375683 0.0375683 1 1 0
12.539 0.0375683 0.0375683 1 1 0
12.6847 0.0375683 0.0375683 1 1 0
12.8306 0.0375683 0.0375683 1 1 0
12.9768 0.0375683 0.0375683 1 1 0
13.1233 0.0375683 0.0375683 1 1 0
13.27 0.0375683 0.0375683 1 1 0
13.4169 0.0375683 0.0375683 1 1 0
13.5641 0.0375683 0.0375683 1 1 0
13.7115 0.0375683 0.0375683 1 1 0
13.8592 0.0375683 0.0375683 1 1 0
14.0071 0.0375683 0.0375683 1 1 0
14.1552 0.0375683 0.0375683 1 1 0
14.3036 0.0375683 0.0375683 1 1 0
14.4521 0.0375683 0.0375683 1 1 0
14.6009 0.0375683 0.0375683 1 1 0
14.7499 0.0375683 0.0375683 1 1 0
14.8992 0.0375683 0.0375683 1 1 0
15.0486 0.0375683 0.0375683 1 1 0
15.1982 0.0375683 0.0375683 1 1 0
15.3481 0.0375683 0.0375683 1 1 0
15.4982 0.0375683 0.0375683 1 1 0
15.6484 0.0375683 0.0375683 1 1 0
15.7989 0.0375683 0.0375683 1 1 0
15.9495 0.0375683 0.0375683 1 1 0
16.1004 0.0375683 0.0375683 1 1 0
16.2515 0.0375683 0.0375683 1 1 0
16.4027 0.0375683 0.0375683 1 1 0
16.5542 0.0375683 0.0375683 1 1 0
16.7059 0.0375683 0.0375683 1 1 0
16.8577 0.0375683 0.0375683 1 1 0
17.0098 0.0375683 0.0375683 1 1 0
17.1621 0.0375683 0.0375683 1 1 0
17.3145 0.0375683 0.0375683 1 1 0
17.4672 0.0375683 0.0375683 1 1 0
17.62 0.0375683 0.0375683 1 1 0
17.7731 0.0375683 0.0375683 1 1 0
17.9263 0.0375683 0.0375683 1 1 0
18.0798 0.0375683 0.0375683 1 1 0
18.2335 0.0375683 0.0375683 1 1 0
18.3873 0.0375683 0.0375683 1 1 0
18.5414 0.0375683 0.0375683 1 1 0
18.6957 0.0375683 0.0375683 1 1 0
18.8502 0.0375683 0.0375683 1 1 0
19.0049 0.0375683 0.0375683 1 1 0
19.1598 0.0375683 0.0375683 1 1 0
19.315 0.0375683 0.0375683 1 1 0
19.4703 0.0375683 0.0375683 1 1 0
19.6259 0.0375683 0.0375683 1 1 0
19.7817 0.0375683 0.0375683 1 1 0
19.9377 0.0375683 0.0375683 1 1 0
20.094 0.0375683 0.0375683 1 1 0
20.2505 0.0375683 0.0375683 1 1 0
20.4072 0.0375683 0.0375683 1 1 0
20.5641 0.0375683 0.0375683 1 1 0
20.7213 0.0375683 0.0375683 1 1 0
20.8787 0.0375683 0.0375683 1 1 0
21.0364 0.0375683 0.0375683 1 1 0
21.1943 0.0375683 0.0375683 1 1 0
21.3525 0.0375683 0.0375683 1 1 0
21.5109 0.0375683 0.0375683 1 1 0
21.6696 0.0375683 0.0375683 1 1 0
21.8286 0.0375683 0.0375683 1 1 0
21.9878 0.0375683 0.0375683 1 1 0
22.1473 0.0375683 0.0375683 1 1 0
22.307 0.0375683 0.0375683 1 1 0
22.4671 0.0375683 0.0375683 1 1 0
22.6274 0.0375683 0.0375683 1 1 0
22.7879 0.0375683 0.0375683 1 1 0
22.9488 0.0375683 0.0375683 1 1 0
23.11 0.0375683 0.0375683 1 1 0
23.2715 0.0375683 0.0375683 1 1 0
23.4332 0.0375683 0.0375683 1 1 0
23.5953 0.0375683 0.0375683 1 1 0
23.7577 0.0375683 0.0375683 1 1 0
23.9204 0.0375683 0.0375683 1 1 0
24.0834 0.0375683 0.0375683 1 1 0
24.2467 0.0375683 0.0375683 1 1 0
24.4103 0.0375683 0.0375683 1 1 0
24.5743 0.0375683 0.0375683 1 1 0
24.7386 0.0375683 0.0375683 1 1 0
24.9032 0.0375683 0.0375683 1 1 0
25.0682 0.0375683 0.0375683 1 1 0
25.2335 0.0375683 0.0375683 1 1 0
25.3992 0.0375683 0.0375683 1 1 0
25.5652 0.0375683 0.0375683 1 1 0
25.7316 0.0375683 0.0375683 1 1 0
25.8984 0.0375683 0.0375683 1 1 0
26.0655 0.0375683 0.0375683 1 1 0
26.2329 0.0375683 0.0375683 1 1 0
26.4008 0.0375683 0.0375683 1 1 0
26.569 0.0375683 0.0375683 1 1 0
26.7377 0.0375683 0.0375683 1 1 0
26.9067 0.0375683 0.0375683 1 1 0
27.0761 0.0375683 0.0375683 1 1 0
27.2459 0.0375683 0.0375683 1 1 0
27.4161 0.0375683 0.0375683 1 1 0
27.5867 0.0375683 0.0375683 1 1 0
27.7577 0.0375683 0.0375683 1 1 0
27.9291 0.0375683 0.0375683 1 1 0
28.1009 0.0375683 0.0375683 1 1 0
28.2732 0.0375683 0.0375683 1 1 0
28.4459 0.0375683 0.0375683 1 1 0
28.619 0.0375683 0.0375683 1 1 0
28.7926 0.0375683 0.0375683 1 1 0
28.9666 0.0375683 0.0375683 1 1 0
29.141 0.0375683 0.0375683 1 1 0
29.3159 0.0375683 0.0375683 1 1 0
29.4912 0.0375683 0.0375683 1 1 0
29.667 0.0375683 0.0375683 1 1 0
29.8432 0.0375683 0.0375683 1 1 0
30.02 0.0375683 0.0375683 1 1 0
30.1971 0.0375683 0.0375683 1 1 0
30.3748 0.0375683 0.0375683 1 1 0
30.5529 0.0375683 0.0375683 1 1 0
30.7315 0.0375683 0.0375683 1 1 0
30.9106 0.0375683 0.0375683 1 1 0
31.0901 0.0375683 0.0375683 1 1 0
31.2702 0.0375683 0.0375683 1 1 0
31.4508 0.0375683 0.0375683 1 1 0
31.6318 0.0375683 0.0375683 1 1 0
31.8133 0.0375683 0.0375683 1 1 0
31.9954 0.0375683 0.0375683 1 1 0
32.178 0.0375683 0.0375683 1 1 0
32.361 0.0375683 0.0375683 1 1 0
32.5446 0.0375683 0.0375683 1 1 0
32.7287 0.0375683 0.0375683 1 1 0
32.9133 0.0375683 0.0375683 1 1 0
33.0985 0.0375683 0.0375683 1 1 0
33.2841 0.0375683 0.0375683 1 1 0
33.4703 0.0375683 0.0375683 1 1 0
33.657 0.0375683 0.0375683 1 1 0
33.8443 0.0375683 0.0375683 1 1 0
34.0321 0.0375683 0.0375683 1 1 0
34.2205 0.0375683 0.0375683 1 1 0
34.4093 0.0375683 0.0375683 1 1 0
34.5988 0.0375683 0.0375683 1 1 0
34.7888 0.0375683 0.0375683 1 1 0
34.9793 0.0375683 0.0375683 1 1 0
35.1704 0.0375683 0.0375683 1 1 0
35.362 0.0375683 0.0375683 1 1 0
35.5542 0.0375683 0.0375683 1 1 0
35.747 0.0375683 0.0375683 1 1 0
35.9403 0.0375683 0.0375683 1 1 0
36.1342 0.0375683 0.0375683 1 1 0
36.3287 0.0375683 0.0375683 1 1 0
36.5237 0.0375683 0.0375683 1 1 0
36.7193 0.0375683 0.0375683 1 1 0
36.9155 0.0375683 0.0375683 1 1 0
37.1122 0.0375683 0.0375683 1 1 0
37.3096 0.0375683 0.0375683 1 1 0
37.5075 0.0375683 0.0375683 1 1 0
37.706 0.0375683 0.0375683 1 1 0
37.905 0.0375683 0.0375683 1 1 0
38.1047 0.0375683 0.0375683 1 1 0
38.3049 0.0375683 0.0375683 1 1 0
38.5058 0.0375683 0.0375683 1 1 0
38.7072 0.0375683 0.0375683 1 1 0
38.9092 0.0375683 0.0375683 1 1 0
39.1118 0.0375683 0.0375683 1 1 0
39.3149 0.0375683 0.0375683 1 1 0
39.5187 0.0375683 0.0375683 1 1 0
39.7231 0.0375683 0.0375683 1 1 0
39.928 0.0375683 0.0375683 1 1 0
40.1336 0.0375683 0.0375683 1 1 0
40.3397 0.0375683 0.0375683 1 1 0
40.5465 0.0375683 0.0375683 1 1 0
40.7538 0.0375683 0.0375683 1 1 0
40.9617 0.0375683 0.0375683 1 1 0
41.1703 0.0375683 0.0375683 1 1 0
41.3794 0.0375683 0.0375683 1 1 0
41.5891 0.0375683 0.0375683 1 1 0
41.7994 0.0375683 0.0375683 1 1 0
42.0104 0.0375683 0.0375683 1 1 0
42.2219 0.0375683 0.0375683 1 1 0
42.434 0.0375683 0.0375683 1 1 0
42.6467 0.0375683 0.0375683 1 1 0
42.86 0.0375683 0.0375683 1 1 0
43.0739 0.0375683 0.0375683 1 1 0
43.2884 0.0375683 0.0375683 1 1 0
43.5035 0.0375683 0.0375683 1 1 0
43.7192 0.0375683 0.0375683 1 1 0
43.9355 0.0375683 0.0375683 1 1 0
44.1524 0.0375683 0.0375683 1 1 0
44.3698 0.0375683 0.0375683 1 1 0
44.5879 0.0375683 0.0375683 1 1 0
44.8066 0.0375683 0.0375683 1 1 0
45.0258 0.0375683 0.0375683 1 1 0
45.2457 0.0375683 0.0375683 1 1 0
45.4661 0.0375683 0.0375683 1 1 0
45.6871 0.0375683 0.0375683 1 1 0
45.9087 0.0375683 0.0375683 1 1 0
46.1309 0.0375683 0.0375683 1 1 0
46.3537 0.0375683 0.0375683 1 1 0
46.577 0.0375683 0.0375683 1 1 0
46.801 0.0375683 0.0375683 1 1 0
47.0255 0.0375683 0.0375683 1 1 0
47.2506 0.0375683 0.0375683 1 1 0
47.4762 0.0375683 0.0375683 1 1 0
47.7025 0.0375683 0.0375683 1 1 0
47.9293 0.0375683 0.0375683 1 1 0
48.1567 0.0375683 0.0375683 1 1 0
48.3847 0.0375683 0.0375683 1 1 0
48.6132 0.0375683 0.0375683 1 1 0
48.8423 0.0375683 0.0375683 1 1 0
49.072 0.0375683 0.0375683 1 1 0
49.3022 0.0375683 0.0375683 1 1 0
49.533 0.0375683 0.0375683 1 1 0
49.7643 0.0375683 0.0375683 1 1 0
49.9962 0.0375683 0.0375683 1 1 0
50.2287 0.0375683 0.0375683 1 1 0
50.4617 0.0375683 0.0375683 1 1 0
50.6952 0.0375683 0.0375683 1 1 0
50.9293 0.0375683 0.0375683 1 1 0
51.164 0.0375683 0.0375683 1 1 0
51.3992 0.0375683 0.0375683 1 1 0
51.6349 0.0375683 0.0375683 1 1 0
51.8712 0.0375683 0.0375683 1 1 0
52.108 0.0375683 0.0375683 1 1 0
52.3453 0.0375683 0.0375683 1 1 0
52.5832 0.0375683 0.0375683 1 1 0
52.8216 0.0375683 0.0375683 1 1 0
53.0605 0.0375683 0.0375683 1 1 0
53.2999 0.0375683 0.0375683 1 1 0
53.5399 0.0375683 0.0375683 1 1 0
53.7804 0.0375683 0.0375683 1 1 0
54.0214 0.0375683 0.0375683 1 1 0
54.2629 0.0375683 0.0375683 1 1 0
54.5049 0.0375683 0.0375683 1 1 0
54.7474 0.0375683 0.0375683 1 1 0
54.9904 0.0375683 0.0375683 1 1 0
55.2339 0.0375683 0.0375683 1 1 0
55.4779 0.0375683 0.0375683 1 1 0
55.7224 0.0375683 0.0375683 1 1 0
55.9674 0.0375683 0.0375683 1 1 0
56.2129 0.0375683 0.0375683 1 1 0
56.4589 0.0375683 0.0375683 1 1 0
56.7053 0.0375683 0.0375683 1 1 0
56.9523 0.0375683 0.0375683 1 1 0
57.1997 0.0375683 0.0375683 1 1 0
57.4475 0.0375683 0.0375683 1 1 0
57.6959 0.0375683 0.0375683 1 1 0
57.9447 0.0375683 0.0375683 1 1 0
58.194 0.0375683 0.0375683 1 1 0
58.4437 0.0375683 0.0375683 1 1 0
58.6939 0.0375683 0.0375683 1 1 0
58.9445 0.0375683 0.0375683 1 1 0
59.1956 0.0375683 0.0375683 1 1 0
59.4472 0.0375683 0.0375683 1 1 0
59.6992 0.0375683 0.0375683 1 1 0
59.9516 0.0375683 0.0375683 1 1 0
60.2044 0.0375683 0.0375683 1 1 0
60.4577 0.0375683 0.0375683 1 1 0
60.7115 0.0375683 0.0375683 1 1 0
60.9656 0.0375683 0.0375683 1 1 0
61.2202 0.0375683 0.0375683 1 1 0
61.4752 0.0375683 0.0375683 1 1 0
61.7306 0.0375683 0.0375683 1 1 0
61.9865 0.0375683 0.0375683 1 1 0
62.2427 0.0375683 0.0375683 1 1 0
62.4994 0.0375683 0.0375683 1 1 0
62.7564 0.0375683 0.0375683 1 1 0
63.0139 0.0375683 0.0375683 1 1 0
63.2718 0.0375683 0.0375683 1 1 0
63.53 0.0375683 0.0375683 1 1 0
63.7887 0.0375683 0.0375683 1 1 0
64.0477 0.0375683 0.0375683 1 1 0
64.3071 0.0375683 0.0375683 1 1 0
64.5669 0.0375683 0.0375683 1 1 0
64.8271 0.0375683 0.0375683 1 1 0
65.0877 0.0375683 0.0375683 1 1 0
65.3486 0.0375683 0.0375683 1 1 0
65.6099 0.0375683 0.0375683 1 1 0
65.8716 0.0375683 0.0375683 1 1 0
66.1337 0.0375683 0.0375683 1 1 0
66.3961 0.0375683 0.0375683 1 1 0
66.6588 0.0375683 0.0375683 1 1 0
66.9219 0.0375683 0.0375683 1 1 0
67.1854 0.0375683 0.0375683 1 1 0
67.4492 0.0375683 0.0375683 1 1 0
67.7134 0.0375683 0.0375683 1 1 0
67.9779 0.0375683 0.0375683 1 1 0
68.2427 0.0375683 0.0375683 1 1 0
68.5079 0.0375683 0.0375683 1 1 0
68.7734 0.0375683 0.0375683 1 1 0
69.0392 0.0375683 0.0375683 1 1 0
69.3054 0.0375683 0.0375683 1 1 0
69.5719 0.0375683 0.0375683 1 1 0
69.8387 0.0375683 0.0375683 1 1 0
70.1058 0.0375683 0.0375683 1 1 0
70.3733 0.0375683 0.0375683 1 1 0
70.641 0.0375683 0.0375683 1 1 0
70.9091 0.0375683 0.0375683 1 1 0
71.1775 0.0375683 0.0375683 1 1 0
71.4461 0.0375683 0.0375683 1 1 0
71.7151 0.0375683 0.0375683 1 1 0
71.9844 0.0375683 0.0375683 1 1 0
72.254 0.0375683 0.0375683 1 1 0
72.5238 0.0375683 0.0375683 1 1 0
72.794 0.0375683 0.0375683 1 1 0
73.0644 0.0375683 0.0375683 1 1 0
73.3351 0.0375683 0.0375683 1 1 0
73.6062 0.0375683 0.0375683 1 1 0
73.8774 0.0375683 0.0375683 1 1 0
74.149 0.0375683 0.0375683 1 1 0
74.4208 0.0375683 0.0375683 1 1 0
74.6929 0.0375683 0.0375683 1 1 0
74.9653 0.0375683 0.0375683 1 1 0
75.238 0.0375683 0.0375683 1 1 0
75.5109 0.0375683 0.0375683 1 1 0
75.784 0.0375683 0.0375683 1 1 0
76.0574 0.0375683 0.0375683 1 1 0
76.3311 0.0375683 0.0375683 1 1 0
76.6051 0.0375683 0.0375683 1 1 0
76.8792 0.0375683 0.0375683 1 1 0
77.1537 0.0375683 0.0375683 1 1 0
77.4283 0.0375683 0.0375683 1 1 0
77.7032 0.0375683 0.0375683 1 1 0
77.9784 0.0375683 0.0375683 1 1 0
78.2538 0.0375683 0.0375683 1 1 0
78.5294 0.0375683 0.0375683 1 1 0
78.8053 0.0375683 0.0375683 1 1 0
79.0814 0.0375683 0.0375683 1 1 0
79.3577 0.0375683 0.0375683 1 1 0
79.6343 0.0375683 0.0375683 1 1 0
79.911 0.0375683 0.0375683 1 1 0
80.188 0.0375683 0.0375683 1 1 0
80.4653 0.0375683 0.0375683 1 1 0
80.7427 0.0375683 0.0375683 1 1 0
81.0203 0.0375683 0.0375683 1 1 0
81.2982 0.0375683 0.0375683 1 1 0
81.5763 0.0375683 0.0375683 1 1 0
81.8546 0.0375683 0.0375683 1 1 0
82.133 0.0375683 0.0375683 1 1 0
82.4117 0.0375683 0.0375683 1 1 0
82.6906 0.0375683 0.0375683 1 1 0
82.9697 0.0375683 0.0375683 1 1 0
83.249 0.0375683 0.0375683 1 1 0
83.5285 0.0375683 0.0375683 1 1 0
83.8082 0.0375683 0.0375683 1 1 0
84.0881 0.0375683 0.0375683 1 1 0
84.3681 0.0375683 0.0375683 1 1 0
84.6484 0.0375683 0.0375683 1 1 0
84.9288 0.0375683 0.0375683 1 1 0
85.2095 0.0375683 0.0375683 1 1 0
85.4903 0.0375683 0.0375683 1 1 0
85.7713 0.0375683 0.0375683 1 1 0
86.0524 0.0375683 0.0375683 1 1 0
86.3338 0.0375683 0.0375683 1 1 0
86.6153 0.0375683 0.0375683 1 1 0
86.897 0.0375683 0.0375683 1 1 0
87.1789 0.0375683 0.0375683 1 1 0
87.4609 0.0375683 0.0375683 1 1 0
87.7431 0.0375683 0.0375683 1 1 0
88.0255 0.0375683 0.0375683 1 1 0
88.308 0.0375683 0.0375683 1 1 0
88.5907 0.0375683 0.0375683 1 1 0
88.8736 0.0375683 0.0375683 1 1 0
89.1566 0.0375683 0.0375683 1 1 0
89.4398 0.0375683 0.0375683 1 1 0
89.7231 0.0375683 0.0375683 1 1 0
90.0066 0.0375683 0.0375683 1 1 0
90.2902 0.0375683 0.0375683 1 1 0
90.574 0.0375683 0.0375683 1 1 0
90.858 0.0375683 0.0375683 1 1 0
91.1421 0.0375683 0.0375683 1 1 0
91.4263 0.0375683 0.0375683 1 1 0
91.7107 0.0375683 0.0375683 1 1 0
91.9952 0.0375683 0.0375683 1 1 0
92.2799 0.0375683 0.0375683 1 1 0
92.5647 0.0375683 0.0375683 1 1 0
92.8497 0.0375683 0.0375683 1 1 0
93.1348 0.0375683 0.0375683 1 1 0
93.42 0.0375683 0.0375683 1 1 0
93.7053 0.0375683 0.0375683 1 1 0
93.9908 0.0375683 0.0375683 1 1 0
94.2765 0.0375683 0.0375683 1 1 0
94.5622 0.0375683 0.0375683 1 1 0
94.8481 0.0375683 0.0375683 1 1 0
95.1341 0.0375683 0.0375683 1 1 0
95.4203 0.0375683 0.0375683 1 1 0
95.7065 0.0375683 0.0375683 1 1 0
95.9929 0.0375683 0.0375683 1 1 0
96.2794 0.0375683 0.0375683 1 1 0
96.5661 0.0375683 0.0375683 1 1 0
96.8528 0.0375683 0.0375683 1 1 0
97.1397 0.0375683 0.0375683 1 1 0
97.4267 0.0375683 0.0375683 1 1 0
97.7138 0.0375683 0.0375683 1 1 0
98.0011 0.0375683 0.0375683 1 1 0
98.2884 0.0375683 0.0375683 1 1 0
98.5759 0.0375683 0.0375683 1 1 0
98.8634 0.0375683 0.0375683 1 1 0
99.1511 0.0375683 0.0375683 1 1 0
99.4389 0.0375683 0.0375683 1 1 0
99.7268 0.0375683 0.0375683 1 1 0
100.015 0.0375683 0.0375683 1 1 0
100.303 0.0375683 0.0375683 1 1 0
100.591 0.0375683 0.0375683 1 1 0
100.879 0.0375683 0.0375683 1 1 0
101.168 0.0375683 0.0375683 1 1 0
101.456 0.0375683 0.0375683 1 1 0
101.745 0.0375683 0.0375683 1 1 0
102.034 0.0375683 0.0375683 1 1 0
102.323 0.0375683 0.0375683 1 1 0
102.612 0.0375683 0.0375683 1 1 0
102.901 0.0375683 0.0375683 1 1 0
103.19 0.0375683 0.0375683 1 1 0
103.479 0.0375683 0.0375683 1 1 0
103.768 0.0375683 0.0375683 1 1 0
104.058 0.0375683 0.0375683 1 1 0
104.347 0.0375683 0.0375683 1 1 0
104.637 0.0375683 0.0375683 1 1 0
104.926 0.0375683 0.0375683 1 1 0
105.216 0.0375683 0.0375683 1 1 0
105.506 0.0375683 0.0375683 1 1 0
105.796 0.0375683 0.0375683 1 1 0
106.086 0.0375683 0.0375683 1 1 0
106.376 0.0375683 0.0375683 1 1 0
106.666 0.0375683 0.0375683 1 1 0
106.957 0.0375683 0.0375683 1 1 0
107.247 0.0375683 0.0375683 1 1 0
107.537 0.0375683 0.0375683 1 1 0
107.828 0.0375683 0.0375683 1 1 0
108.118 0.0375683 0.0375683 1 1 0
108.409 0.0375683 0.0375683 1 1 0
108.7 0.0375683 0.0375683 1 1 0
108.991 0.0375683 0.0375683 1 1 0
109.282 0.0375683 0.0375683 1 1 0
109.573 0.0375683 0.0375683 1 1 0
109.864 0.0375683 0.0375683 1 1 0
110.155 0.0375683 0.0375683 1 1 0
110.446 0.0375683 0.0375683 1 1 0
110.738 0.0375683 0.0375683 1 1 0
111.029 0.0375683 0.0375683 1 1 0
111.32 0.0375683 0.0375683 1 1 0
111.612 0.0375683 0.0375683 1 1 0
111.903 0.0375683 0.0375683 1 1 0
112.195 0.0375683 0.0375683 1 1 0
112.487 0.0375683 0.0375683 1 1 0
112.779 0.0375683 0.0375683 1 1 0
113.071 0.0375683 0.0375683 1 1 0
113.362 0.0375683 0.0375683 1 1 0
113.654 0.0375683 0.0375683 1 1 0
113.947 0.0375683 0.0375683 1 1 0
114.239 0.0375683 0.0375683 1 1 0
114.531 0.0375683 0.0375683 1 1 0
114.823 0.0375683 0.0375683 1 1 0
115.115 0.0375683 0.0375683 1 1 0
115.408 0.0375683 0.0375683 1 1 0
115.7 0.0375683 0.0375683 1 1 0
115.993 0.0375683 0.0375683 1 1 0
116.285 0.0375683 0.0375683 1 1 0
116.578 0.0375683 0.0375683 1 1 0
116.871 0.0375683 0.0375683 1 1 0
117.163 0.0375683 0.0375683 1 1 0
117.456 0.0375683 0.0375683 1 1 0
117.749 0.0375683 0.0375683 1 1 0
118.042 0.0375683 0.0375683 1 1 0
118.335 0.0375683 0.0375683 1 1 0
118.628 0.0375683 0.0375683 1 1 0
118.921 0.0375683 0.0375683 1 1 0
119.214 0.0375683 0.0375683 1 1 0
119.508 0.0375683 0.0375683 1 1 0
119.801 0.0375683 0.0375683 1 1 0
120.094 0.0375683 0.0375683 1 1 0
120.388 0.0375683 0.0375683 1 1 0
120.681 0.0375683 0.0375683 1 1 0
120.974 0.0375683 0.0375683 1 1 0
121.268 0.0375683 0.0375683 1 1 0
121.562 0.0375683 0.0375683 1 1 0
121.855 0.0375683 0.0375683 1 1 0
122.149 0.0375683 0.0375683 1 1 0
122.443 0.0375683 0.0375683 1 1 0
122.736 0.0375683 0.0375683 1 1 0
123.03 0.0375683 0.0375683 1 1 0
123.324 0.0375683 0.0375683 1 1 0
123.618 0.0375683 0.0375683 1 1 0
123.912 0.0375683 0.0375683 1 1 0
124.206 0.0375683 0.0375683 1 1 0
124.5 0.0375683 0.0375683 1 1 0
124.794 0.0375683 0.0375683 1 1 0
125.088 0.0375683 0.0375683 1 1 0
125.383 0.0375683 0.0375683 1 1 0
125.677 0.0375683 0.0375683 1 1 0
125.971 0.0375683 0.0375683 1 1 0
126.266 0.0375683 0.0375683 1 1 0
126.56 0.0375683 0.0375683 1 1 0
126.854 0.0375683 0.0375683 1 1 0
127.149 0.0375683 0.0375683 1 1 0
127.443 0.0375683 0.0375683 1 1 0
127.738 0.0375683 0.0375683 1 1 0
128.033 0.0375683 0.0375683 1 1 0
128.327 0.0375683 0.0375683 1 1 0
128.622 0.0375683 0.0375683 1 1 0
128.917 0.0375683 0.0375683 1 1 0
129.211 0.0375683 0.0375683 1 1 0
129.506 0.0375683 0.0375683 1 1 0
129.801 0.0375683 0.0375683 1 1 0
130.096 0.0375683 0.0375683 1 1 0
130.391 0.0375683 0.0375683 1 1 0
130.686 0.0375683 0.0375683 1 1 0
130.981 0.0375683 0.0375683 1 1 0
131.276 0.0375683 0.0375683 1 1 0
131.571 0.0375683 0.0375683 1 1 0
131.866 0.0375683 0.0375683 1 1 0
132.161 0.0375683 0.0375683 1 1 0
132.456 0.0375683 0.0375683 1 1 0
132.751 0.0375683 0.0375683 1 1 0
133.047 0.0375683 0.0375683 1 1 0
133.342 0.0375683 0.0375683 1 1 0
133.637 0.0375683 0.0375683 1 1 0
133.933 0.0375683 0.0375683 1 1 0
134.228 0.0375683 0.0375683 1 1 0
134.524 0.0375683 0.0375683 1 1 0
134.819 0.0375683 0.0375683 1 1 0
135.114 0.0375683 0.0375683 1 1 0
135.41 0.0375683 0.0375683 1 1 0
135.706 0.0375683 0.0375683 1 1 0
136.001 0.0375683 0.0375683 1 1 0
136.297 0.0375683 0.0375683 1 1 0
136.592 0.0375683 0.0375683 1 1 0
136.888 0.0375683 0.0375683 1 1 0
137.184 0.0375683 0.0375683 1 1 0
137.48 0.0375683 0.0375683 1 1 0
137.775 0.0375683 0.0375683 1 1 0
138.071 0.0375683 0.0375683 1 1 0
138.367 0.0375683 0.0375683 1 1 0
138.663 0.0375683 0.0375683 1 1 0
138.959 0.0375683 0.0375683 1 1 0
139.255 0.0375683 0.0375683 1 1 0
139.551 0.0375683 0.0375683 1 1 0
139.847 0.0375683 0.0375683 1 1 0
140.143 0.0375683 0.0375683 1 1 0
140.439 0.0375683 0.0375683 1 1 0
140.735 0.0375683 0.0375683 1 1 0
141.031 0.0375683 0.0375683 1 1 0
141.327 0.0375683 0.0375683 1 1 0
141.623 0.0375683 0.0375683 1 1 0
141.919 0.0375683 0.0375683 1 1 0
142.216 0.0375683 0.0375683 1 1 0
142.512 0.0375683 0.0375683 1 1 0
142.808 0.0375683 0.0375683 1 1 0
143.105 0.0375683 0.0375683 1 1 0
143.401 0.0375683 0.0375683 1 1 0
143.697 0.0375683 0.0375683 1 1 0
143.994 0.0375683 0.0375683 1 1 0
144.29 0.0375683 0.0375683 1 1 0
144.586 0.0375683 0.0375683 1 1 0
144.883 0.0375683 0.0375683 1 1 0
145.179 0.0375683 0.0375683 1 1 0
145.476 0.0375683 0.0375683 1 1 0
145.772 0.0375683 0.0375683 1 1 0
146.069 0.0375683 0.0375683 1 1 0
146.365 0.0375683 0.0375683 1 1 0
146.662 0.0375683 0.0375683 1 1 0
146.959 0.0375683 0.0375683 1 1 0
147.255 0.0375683 0.0375683 1 1 0
147.552 0.0375683 0.0375683 1 1 0
147.849 0.0375683 0.0375683 1 1 0
148.145 0.0375683 0.0375683 1 1 0
148.442 0.0375683 0.0375683 1 1 0
148.739 0.0375683 0.0375683 1 1 0
149.036 0.0375683 0.0375683 1 1 0
149.332 0.0375683 0.0375683 1 1 0
149.629 0.0375683 0.0375683 1 1 0
149.926 0.0375683 0.0375683 1 1 0
150.223 0.0375683 0.0375683 1 1 0
150.52 0.0375683 0.0375683 1 1 0
150.817 0.0375683 0.0375683 1 1 0
151.114 0.0375683 0.0375683 1 1 0
151.411 0.0375683 0.0375683 1 1 0
151.708 0.0375683 0.0375683 1 1 0
152.005 0.0375683 0.0375683 1 1 0
152.302 0.0375683 0.0375683 1 1 0
152.599 0.0375683 0.0375683 1 1 0
152.896 0.0375683 0.0375683 1 1 0
153.193 0.0375683 0.0375683 1 1 0
153.49 0.0375683 0.0375683 1 1 0
153.787 0.0375683 0.0375683 1 1 0
154.084 0.0375683 0.0375683 1 1 0
154.381 0.0375683 0.0375683 1 1 0
154.678 0.0375683 0.0375683 1 1 0
154.976 0.0375683 0.0375683 1 1 0
155.273 0.0375683 0.0375683 1 1 0
155.57 0.0375683 0.0375683 1 1 0
155.867 0.0375683 0.0375683 1 1 0
156.165 0.0375683 0.0375683 1 1 0
156.462 0.0375683 0.0375683 1 1 0
156.759 0.0375683 0.0375683 1 1 0
157.056 0.0375683 0.0375683 1 1 0
157.354 0.0375683 0.0375683 1 1 0
157.651 0.0375683 0.0375683 1 1 0
157.949 0.0375683 0.0375683 1 1 0
158.246 0.0375683 0.0375683 1 1 0
158.543 0.0375683 0.0375683 1 1 0
158.841 0.0375683 0.0375683 1 1 0
159.138 0.0375683 0.0375683 1 1 0
159.436 0.0375683 0.0375683 1 1 0
159.733 0.0375683 0.0375683 1 1 0
160.031 0.0375683 0.0375683 1 1 0
160.328 0.0375683 0.0375683 1 1 0
160.626 0.0375683 0.0375683 1 1 0
160.923 0.0375683 0.0375683 1 1 0
161.221 0.0375683 0.0375683 1 1 0
161.518 0.0375683 0.0375683 1 1 0
161.816 0.0375683 0.0375683 1 1 0
162.113 0.0375683 0.0375683 1 1 0
162.411 0.0375683 0.0375683 1 1 0
162.709 0.0375683 0.0375683 1 1 0
163.006 0.0375683 0.0375683 1 1 0
163.304 0.0375683 0.0375683 1 1 0
163.602 0.0375683 0.0375683 1 1 0
163.899 0.0375683 0.0375683 1 1 0
164.197 0.0375683 0.0375683 1 1 0
164.495 0.0375683 0.0375683 1 1 0
164.792 0.0375683 0.0375683 1 1 0
165.09 0.0375683 0.0375683 1 1 0
165.388 0.0375683 0.0375683 1 1 0
165.686 0.0375683 0.0375683 1 1 0
165.984 0.0375683 0.0375683 1 1 0
166.281 0.0375683 0.0375683 1 1 0
166.579 0.0375683 0.0375683 1 1 0
166.877 0.0375683 0.0375683 1 1 0
167.175 0.0375683 0.0375683 1 1 0
167.473 0.0375683 0.0375683 1 1 0
167.771 0.0375683 0.0375683 1 1 0
168.068 0.0375683 0.0375683 1 1 0
168.366 0.0375683 0.0375683 1 1 0
168.664 0.0375683 0.0375683 1 1 0
168.962 0.0375683 0.0375683 1 1 0
169.26 0.0375683 0.0375683 1 1 0
169.558 0.0375683 0.0375683 1 1 0
169.856 0.0375683 0.0375683 1 1 0
170.154 0.0375683 0.0375683 1 1 0
170.452 0.0375683 0.0375683 1 1 0
170.75 0.0375683 0.0375683 1 1 0
171.048 0.0375683 0.0375683 1 1 0
171.346 0.0375683 0.0375683 1 1 0
171.644 0.0375683 0.0375683 1 1 0
171.942 0.0375683 0.0375683 1 1 0
172.24 0.0375683 0.0375683 1 1 0
172.538 0.0375683 0.0375683 1 1 0
172.836 0.0375683 0.0375683 1 1 0
173.134 0.0375683 0.0375683 1 1 0
173.433 0.0375683 0.0375683 1 1 0
173.731 0.0375683 0.0375683 1 1 0
174.029 0.0375683 0.0375683 1 1 0
174.327 0.0375683 0.0375683 1 1 0
174.625 0.0375683 0.0375683 1 1 0
174.923 0.0375683 0.0375683 1 1 0
175.221 0.0375683 0.0375683 1 1 0
175.52 0.0375683 0.0375683 1 1 0
175.818 0.0375683 0.0375683 1 1 0
176.116 0.0375683 0.0375683 1 1 0
176.414 0.0375683 0.0375683 1 1 0
176.712 0.0375683 0.0375683 1 1 0
177.011 0.0375683 0.0375683 1 1 0
177.309 0.0375683 0.0375683 1 1 0
177.607 0.0375683 0.0375683 1 1 0
177.905 0.0375683 0.0375683 1 1 0
178.204 0.0375683 0.0375683 1 1 0
178.502 0.0375683 0.0375683 1 1 0
178.8 0.0375683 0.0375683 1 1 0
179.099 0.0375683 0.0375683 1 1 0
179.397 0.0375683 0.0375683 1 1 0
179.695 0.0375683 0.0375683 1 1 0
179.994 0.0375683 0.0375683 1 1 0
180.292 0.0375683 0.0375683 1 1 0
180.59 0.0375683 0.0375683 1 1 0
180.889 0.0375683 0.0375683 1 1 0
181.187 0.0375683 0.0375683 1 1 0
181.485 0.0375683 0.0375683 1 1 0
181.784 0.0375683 0.0375683 1 1 0
182.082 0.0375683 0.0375683 1 1 0
182.381 0.0375683 0.0375683 1 1 0
182.679 0.0375683 0.0375683 1 1 0
182.978 0.0375683 0.0375683 1 1 0
183.276 0.0375683 0.0375683 1 1 0
183.574 0.0375683 0.0375683 1 1 0
183.873 0.0375683 0.0375683 1 1 0
184.171 0.0375683 0.0375683 1 1 0
184.47 0.0375683 0.0375683 1 1 0
184.768 0.0375683 0.0375683 1 1 0
185.067 0.0375683 0.0375683 1 1 0
185.365 0.0375683 0.0375683 1 1 0
185.664 0.0375683 0.0375683 1 1 0
185.962 0.0375683 0.0375683 1 1 0
186.261 0.0375683 0.0375683 1 1 0
186.559 0.0375683 0.0375683 1 1 0
186.858 0.0375683 0.0375683 1 1 0
187.157 0.0375683 0.0375683 1 1 0
187.455 0.0375683 0.0375683 1 1 0
187.754 0.0375683 0.0375683 1 1 0
188.052 0.0375683 0.0375683 1 1 0
188.351 0.0375683 0.0375683 1 1 0
188.649 0.0375683 0.0375683 1 1 0
188.948 0.0375683 0.0375683 1 1 0
189.247 0.0375683 0.0375683 1 1 0
189.545 0.0375683 0.0375683 1 1 0
189.844 0.0375683 0.0375683 1 1 0
190.143 0.0375683 0.0375683 1 1 0
190.441 0.0375683 0.0375683 1 1 0
190.74 0.0375683 0.0375683 1 1 0
191.038 0.0375683 0.0375683 1 1 0
191.337 0.0375683 0.0375683 1 1 0
191.636 0.0375683 0.0375683 1 1 0
191.935 0.0375683 0.0375683 1 1 0
192.233 0.0375683 0.0375683 1 1 0
192.532 0.0375683 0.0375683 1 1 0
192.831 0.0375683 0.0375683 1 1 0
193.129 0.0375683 0.0375683 1 1 0
193.428 0.0375683 0.0375683 1 1 0
193.727 0.0375683 0.0375683 1 1 0
194.025 0.0375683 0.0375683 1 1 0
194.324 0.0375683 0.0375683 1 1 0
194.623 0.0375683 0.0375683 1 1 0
194.922 0.0375683 0.0375683 1 1 0
195.22 0.0375683 0.0375683 1 1 0
195.519 0.0375683 0.0375683 1 1 0
195.818 0.0375683 0.0375683 1 1 0
196.117 0.0375683 0.0375683 1 1 0
196.416 0.0375683 0.0375683 1 1 0
196.714 0.0375683 0.0375683 1 1 0
197.013 0.0375683 0.0375683 1 1 0
197.312 0.0375683 0.0375683 1 1 0
197.611 0.0375683 0.0375683 1 1 0
197.91 0.0375683 0.0375683 1 1 0
198.208 0.0375683 0.0375683 1 1 0
198.507 0.0375683 0.0375683 1 1 0
198.806 0.0375683 0.0375683 1 1 0
199.105 0.0375683 0.0375683 1 1 0
199.404 0.0375683 0.0375683 1 1 0
199.703 0.0375683 0.0375683 1 1 0
200.002 0.0375683 0.0375683 1 1 0
200.3 0.0375683 0.0375683 1 1 0
200.599 0.0375683 0.0375683 1 1 0
200.898 0.0375683 0.0375683 1 1 0
201.197 0.0375683 0.0375683 1 1 0
201.496 0.0375683 0.0375683 1 1 0
201.795 0.0375683 0.0375683 1 1 0
202.094 0.0375683 0.0375683 1 1 0
202.393 0.0375683 0.0375683 1 1 0
202.692 0.0375683 0.0375683 1 1 0
202.99 0.0375683 0.0375683 1 1 0
203.289 0.0375683 0.0375683 1 1 0
203.588 0.0375683 0.0375683 1 1 0
203.887 0.0375683 0.0375683 1 1 0
204.186 0.0375683 0.0375683 1 1 0
204.485 0.0375683 0.0375683 1 1 0
204.784 0.0375683 0.0375683 1 1 0
205.083 0.0375683 0.0375683 1 1 0
205.382 0.0375683 0.0375683 1 1 0
205.681 0.0375683 0.0375683 1 1 0
205.98 0.0375683 0.0375683 1 1 0
206.279 0.0375683 0.0375683 1 1 0
206.578 0.0375683 0.0375683 1 1 0
206.877 0.0375683 0.0375683 1 1 0
207.176 0.0375683 0.0375683 1 1 0
207.475 0.0375683 0.0375683 1 1 0
207.774 0.0375683 0.0375683 1 1 0
208.073 0.0375683 0.0375683 1 1 0
208.372 0.0375683 0.0375683 1 1 0
208.671 0.0375683 0.0375683 1 1 0
208.97 0.0375683 0.0375683 1 1 0
209.269 0.0375683 0.0375683 1 1 0
209.568 0.0375683 0.0375683 1 1 0
209.867 0.0375683 0.0375683 1 1 0
210.166 0.0375683 0.0375683 1 1 0
210.465 0.0375683 0.0375683 1 1 0
210.764 0.0375683 0.0375683 1 1 0
211.063 0.0375683 0.0375683 1 1 0
211.362 0.0375683 0.0375683 1 1 0
211.662 0.0375683 0.0375683 1 1 0
211.961 0.0375683 0.0375683 1 1 0
212.26 0.0375683 0.0375683 1 1 0
212.559 0.0375683 0.0375683 1 1 0
212.858 0.0375683 0.0375683 1 1 0
213.157 0.0375683 0.0375683 1 1 0
213.456 0.0375683 0.0375683 1 1 0
213.755 0.0375683 0.0375683 1 1 0
214.054 0.0375683 0.0375683 1 1 0
214.353 0.0375683 0.0375683 1 1 0
214.653 0.0375683 0.0375683 1 1 0
214.952 0.0375683 0.0375683 1 1 0
215.251 0.0375683 0.0375683 1 1 0
215.55 0.0375683 0.0375683 1 1 0
215.849 0.0375683 0.0375683 1 1 0
216.148 0.0375683 0.0375683 1 1 0
216.447 0.0375683 0.0375683 1 1 0
216.746 0.0375683 0.0375683 1 1 0
217.046 0.0375683 0.0375683 1 1 0
217.345 0.0375683 0.0375683 1 1 0
217.644 0.0375683 0.0375683 1 1 0
217.943 0.0375683 0.0375683 1 1 0
218.242 0.0375683 0.0375683 1 1 0
218.541 0.0375683 0.0375683 1 1 0
218.841 0.0375683 0.0375683 1 1 0
219.14 0.0375683 0.0375683 1 1 0
219.439 0.0375683 0.0375683 1 1 0
219.738 0.0375683 0.0375683 1 1 0
220.037 0.0375683 0.0375683 1 1 0
220.337 0.0375683 0.0375683 1 1 0
220.636 0.0375683 0.0375683 1 1 0
220.935 0.0375683 0.0375683 1 1 0
221.234 0.0375683 0.0375683 1 1 0
221.533 0.0375683 0.0375683 1 1 0
221.833 0.0375683 0.0375683 1 1 0
222.132 0.0375683 0.0375683 1 1 0
222.431 0.0375683 0.0375683 1 1 0
222.73 0.0375683 0.0375683 1 1 0
223.03 0.0375683 0.0375683 1 1 0
223.329 0.0375683 0.0375683 1 1 0
223.628 0.0375683 0.0375683 1 1 0
223.927 0.0375683 0.0375683 1 1 0
224.227 0.0375683 0.0375683 1 1 0
224.526 0.0375683 0.0375683 1 1 0
224.825 0.0375683 0.0375683 1 1 0
225.124 0.0375683 0.0375683 1 1 0
225.424 0.0375683 0.0375683 1 1 0
225.723 0.0375683 0.0375683 1 1 0
226.022 0.0375683 0.0375683 1 1 0
226.321 0.0375683 0.0375683 1 1 0
226.621 0.0375683 0.0375683 1 1 0
226.92 0.0375683 0.0375683 1 1 0
227.219 0.0375683 0.0375683 1 1 0
227.519 0.0375683 0.0375683 1 1 0
227.818 0.0375683 0.0375683 1 1 0
228.117 0.0375683 0.0375683 1 1 0
228.416 0.0375683 0.0375683 1 1 0
228.716 0.0375683 0.0375683 1 1 0
229.015 0.0375683 0.0375683 1 1 0
229.314 0.0375683 0.0375683 1 1 0
229.614 0.0375683 0.0375683 1 1 0
229.913 0.0375683 0.0375683 1 1 0
230.212 0.0375683 0.0375683 1 1 0
230.512 0.0375683 0.0375683 1 1 0
230.811 0.0375683 0.0375683 1 1 0
231.11 0.0375683 0.0375683 1 1 0
231.41 0.0375683 0.0375683 1 1 0
231.709 0.0375683 0.0375683 1 1 0
232.008 0.0375683 0.0375683 1 1 0
232.308 0.0375683 0.0375683 1 1 0
232.607 0.0375683 0.0375683 1 1 0
232.906 0.0375683 0.0375683 1 1 0
233.206 0.0375683 0.0375683 1 1 0
233.505 0.0375683 0.0375683 1 1 0
233.804 0.0375683 0.0375683 1 1 0
234.104 0.0375683 0.0375683 1 1 0
234.403 0.0375683 0.0375683 1 1 0
234.702 0.0375683 0.0375683 1 1 0
235.002 0.0375683 0.0375683 1 1 0
235.301 0.0375683 0.0375683 1 1 0
235.601 0.0375683 0.0375683 1 1 0
235.9 0.0375683 0.0375683 1 1 0
236.199 0.0375683 0.0375683 1 1 0
236.499 0.0375683 0.0375683 1 1 0
236.798 0.0375683 0.0375683 1 1 0
237.097 0.0375683 0.0375683 1 1 0
237.397 0.0375683 0.0375683 1 1 0
237.696 0.0375683 0.0375683 1 1 0
237.996 0.0375683 0.0375683 1 1 0
238.295 0.0375683 0.0375683 1 1 0
238.594 0.0375683 0.0375683 1 1 0
238.894 0.0375683 0.0375683 1 1 0
239.193 0.0375683 0.0375683 1 1 0
239.493 0.0375683 0.0375683 1 1 0
239.792 0.0375683 0.0375683 1 1 0
240.091 0.0375683 0.0375683 1 1 0
240.391 0.0375683 0.0375683 1 1 0
240.69 0.0375683 0.0375683 1 1 0
240.99 0.0375683 0.0375683 1 1 0
241.289 0.0375683 0.0375683 1 1 0
241.589 0.0375683 0.0375683 1 1 0
241.888 0.0375683 0.0375683 1 1 0
242.187 0.0375683 0.0375683 1 1 0
242.487 0.0375683 0.0375683 1 1 0
242.786 0.0375683 0.0375683 1 1 0
243.086 0.0375683 0.0375683 1 1 0
243.385 0.0375683 0.0375683 1 1 0
243.685 0.0375683 0.0375683 1 1 0
243.984 0.0375683 0.0375683 1 1 0
244.284 0.0375683 0.0375683 1 1 0
244.583 0.0375683 0.0375683 1 1 0
244.882 0.0375683 0.0375683 1 1 0
245.182 0.0375683 0.0375683 1 1 0
245.481 0.0375683 0.0375683 1 1 0
245.781 0.0375683 0.0375683 1 1 0
246.08 0.0375683 0.0375683 1 1 0
246.38 0.0375683 0.0375683 1 1 0
246.679 0.0375683 0.0375683 1 1 0
246.979 0.0375683 0.0375683 1 1 0
247.278 0.0375683 0.0375683 1 1 0
247.578 0.0375683 0.0375683 1 1 0
247.877 0.0375683 0.0375683 1 1 0
248.177 0.0375683 0.0375683 1 1 0
248.476 0.0375683 0.0375683 1 1 0
248.776 0.0375683 0.0375683 1 1 0
249.075 0.0375683 0.0375683 1 1 0
249.375 0.0375683 0.0375683 1 1 0
249.674 0.0375683 0.0375683 1 1 0
249.974 0.0375683 0.0375683 1 1 0
250.273 0.0375683 0.0375683 1 1 0
250.573 0.0375683 0.0375683 1 1 0
250.872 0.0375683 0.0375683 1 1 0
251.172 0.0375683 0.0375683 1 1 0
251.471 0.0375683 0.0375683 1 1 0
251.771 0.0375683 0.0375683 1 1 0
252.07 0.0375683 0.0375683 1 1 0
252.37 0.0375683 0.0375683 1 1 0
252.669 0.0375683 0.0375683 1 1 0
252.969 0.0375683 0.0375683 1 1 0
253.268 0.0375683 0.0375683 1 1 0
253.568 0.0375683 0.0375683 1 1 0
253.867 0.0375683 0.0375683 1 1 0
254.167 0.0375683 0.0375683 1 1 0
254.466 0.0375683 0.0375683 1 1 0
254.766 0.0375683 0.0375683 1 1 0
255.065 0.0375683 0.0375683 1 1 0
255.365 0.0375683 0.0375683 1 1 0
255.664 0.0375683 0.0375683 1 1 0
255.964 0.0375683 0.0375683 1 1 0
256.263 0.0375683 0.0375683 1 1 0
256.563 0.0375683 0.0375683 1 1 0
256.863 0.0375683 0.0375683 1 1 0
257.162 0.0375683 0.0375683 1 1 0
257.462 0.0375683 0.0375683 1 1 0
257.761 0.0375683 0.0375683 1 1 0
258.061 0.0375683 0.0375683 1 1 0
258.36 0.0375683 0.0375683 1 1 0
258.66 0.0375683 0.0375683 1 1 0
258.959 0.0375683 0.0375683 1 1 0
259.259 0.0375683 0.0375683 1 1 0
259.559 0.0375683 0.0375683 1 1 0
259.858 0.0375683 0.0375683 1 1 0
260.158 0.0375683 0.0375683 1 1 0
260.457 0.0375683 0.0375683 1 1 0
260.757 0.0375683 0.0375683 1 1 0
261.056 0.0375683 0.0375683 1 1 0
261.356 0.0375683 0.0375683 1 1 0
261.656 0.0375683 0.0375683 1 1 0
261.955 0.0375683 0.0375683 1 1 0
262.255 0.0375683 0.0375683 1 1 0
262.554 0.0375683 0.0375683 1 1 0
262.854 0.0375683 0.0375683 1 1 0
263.153 0.0375683 0.0375683 1 1 0
263.453 0.0375683 0.0375683 1 1 0
263.753 0.0375683 0.0375683 1 1 0
264.052 0.0375683 0.0375683 1 1 0
264.352 0.0375683 0.0375683 1 1 0
264.651 0.0375683 0.0375683 1 1 0
264.951 0.0375683 0.0375683 1 1 0
265.251 0.0375683 0.0375683 1 1 0
265.55 0.0375683 0.0375683 1 1 0
265.85 0.0375683 0.0375683 1 1 0
266.149 0.0375683 0.0375683 1 1 0
266.449 0.0375683 0.0375683 1 1 0
266.749 0.0375683 0.0375683 1 1 0
267.048 0.0375683 0.0375683 1 1 0
267.348 0.0375683 0.0375683 1 1 0
267.647 0.0375683 0.0375683 1 1 0
267.947 0.0375683 0.0375683 1 1 0
268.247 0.0375683 0.0375683 1 1 0
268.546 0.0375683 0.0375683 1 1 0
268.846 0.0375683 0.0375683 1 1 0
269.145 0.0375683 0.0375683 1 1 0
269.445 0.0375683 0.0375683 1 1 0
269.745 0.0375683 0.0375683 1 1 0
270.044 0.0375683 0.0375683 1 1 0
270.344 0.0375683 0.0375683 1 1 0
270.644 0.0375683 0.0375683 1 1 0
270.943 0.0375683 0.0375683 1 1 0
271.243 0.0375683 0.0375683 1 1 0
271.542 0.0375683 0.0375683 1 1 0
271.842 0.0375683 0.0375683 1 1 0
272.142 0.0375683 0.0375683 1 1 0
272.441 0.0375683 0.0375683 1 1 0
272.741 0.0375683 0.0375683 1 1 0
273.041 0.0375683 0.0375683 1 1 0
273.34 0.0375683 0.0375683 1 1 0
273.64 0.0375683 0.0375683 1 1 0
273.94 0.0375683 0.0375683 1 1 0
274.239 0.0375683 0.0375683 1 1 0
274.539 0.0375683 0.0375683 1 1 0
274.838 0.0375683 0.0375683 1 1 0
275.138 0.0375683 0.0375683 1 1 0
275.438 0.0375683 0.0375683 1 1 0
275.737 0.0375683 0.0375683 1 1 0
276.037 0.0375683 0.0375683 1 1 0
276.337 0.0375683 0.0375683 1 1 0
276.636 0.0375683 0.0375683 1 1 0
276.936 0.0375683 0.0375683 1 1 0
277.236 0.0375683 0.0375683 1 1 0
277.535 0.0375683 0.0375683 1 1 0
277.835 0.0375683 0.0375683 1 1 0
278.135 0.0375683 0.0375683 1 1 0
278.434 0.0375683 0.0375683 1 1 0
278.734 0.0375683 0.0375683 1 1 0
279.034 0.0375683 0.0375683 1 1 0
279.333 0.0375683 0.0375683 1 1 0
279.633 0.0375683 0.0375683 1 1 0
279.933 0.0375683 0.0375683 1 1 0
280.232 0.0375683 0.0375683 1 1 0
280.532 0.0375683 0.0375683 1 1 0
280.832 0.0375683 0.0375683 1 1 0
281.131 0.0375683 0.0375683 1 1 0
281.431 0.0375683 0.0375683 1 1 0
281.731 0.0375683 0.0375683 1 1 0
282.03 0.0375683 0.0375683 1 1 0
282.33 0.0375683 0.0375683 1 1 0
282.63 0.0375683 0.0375683 1 1 0
282.929 0.0375683 0.0375683 1 1 0
283.229 0.0375683 0.0375683 1 1 0
283.529 0.0375683 0.0375683 1 1 0
283.828 0.0375683 0.0375683 1 1 0
284.128 0.0375683 0.0375683 1 1 0
284.428 0.0375683 0.0375683 1 1 0
284.728 0.0375683 0.0375683 1 1 0
285.027 0.0375683 0.0375683 1 1 0
285.327 0.0375683 0.0375683 1 1 0
285.627 0.0375683 0.0375683 1 1 0
285.926 0.0375683 0.0375683 1 1 0
286.226 0.0375683 0.0375683 1 1 0
286.526 0.0375683 0.0375683 1 1 0
286.825 0.0375683 0.0375683 1 1 0
287.125 0.0375683 0.0375683 1 1 0
287.425 0.0375683 0.0375683 1 1 0
287.724 0.0375683 0.0375683 1 1 0
288.024 0.0375683 0.0375683 1 1 0
288.324 0.0375683 0.0375683 1 1 0
288.624 0.0375683 0.0375683 1 1 0
288.923 0.0375683 0.0375683 1 1 0
289.223 0.0375683 0.0375683 1 1 0
289.523 0.0375683 0.0375683 1 1 0
289.822 0.0375683 0.0375683 1 1 0
290.122 0.0375683 0.0375683 1 1 0
290.422 0.0375683 0.0375683 1 1 0
290.722 0.0375683 0.0375683 1 1 0
291.021 0.0375683 0.0375683 1 1 0
291.321 0.0375683 0.0375683 1 1 0
291.621 0.0375683 0.0375683 1 1 0
291.92 0.0375683 0.0375683 1 1 0
292.22 0.0375683 0.0375683 1 1 0
292.52 0.0375683 0.0375683 1 1 0
292.82 0.0375683 0.0375683 1 1 0
293.119 0.0375683 0.0375683 1 1 0
293.419 0.0375683 0.0375683 1 1 0
293.719 0.0375683 0.0375683 1 1 0
294.018 0.0375683 0.0375683 1 1 0
294.318 0.0375683 0.0375683 1 1 0
294.618 0.0375683 0.0375683 1 1 0
294.918 0.0375683 0.0375683 1 1 0
295.217 0.0375683 0.0375683 1 1 0
295.517 0.0375683 0.0375683 1 1 0
295.817 0.0375683 0.0375683 1 1 0
296.117 0.0375683 0.0375683 1 1 0
296.416 0.0375683 0.0375683 1 1 0
296.716 0.0375683 0.0375683 1 1 0
297.016 0.0375683 0.0375683 1 1 0
297.315 0.0375683 0.0375683 1 1 0
297.615 0.0375683 0.0375683 1 1 0
297.915 0.0375683 0.0375683 1 1 0
298.215 0.0375683 0.0375683 1 1 0
298.514 0.0375683 0.0375683 1 1 0
298.814 0.0375683 0.0375683 1 1 0
299.114 0.0375683 0.0375683 1 1 0
299.414 0.0375683 0.0375683 1 1 0
299.713 0.0375683 0.0375683 1 1 0
300.013 0.0375683 0.0375683 1 1 0
300.313 0.0375683 0.0375683 1 1 0
300.613 0.0375683 0.0375683 1 1 0
300.912 0.0375683 0.0375683 1 1 0
301.212 0.0375683 0.0375683 1 1 0
301.512 0.0375683 0.0375683 1 1 0
301.812 0.0375683 0.0375683 1 1 0
302.111 0.0375683 0.0375683 1 1 0
302.411 0.0375683 0.0375683 1 1 0
302.711 0.0375683 0.0375683 1 1 0
303.011 0.0375683 0.0375683 1 1 0
303.31 0.0375683 0.0375683 1 1 0
303.61 0.0375683 0.0375683 1 1 0
303.91 0.0375683 0.0375683 1 1 0
304.21 0.0375683 0.0375683 1 1 0
304.509 0.0375683 0.0375683 1 1 0
304.809 0.0375683 0.0375683 1 1 0
305.109 0.0375683 0.0375683 1 1 0
305.409 0.0375683 0.0375683 1 1 0
305.708 0.0375683 0.0375683 1 1 0
306.008 0.0375683 0.0375683 1 1 0
306.308 0.0375683 0.0375683 1 1 0
306.608 0.0375683 0.0375683 1 1 0
306.908 0.0375683 0.0375683 1 1 0
307.207 0.0375683 0.0375683 1 1 0
307.507 0.0375683 0.0375683 1 1 0
307.807 0.0375683 0.0375683 1 1 0
308.107 0.0375683 0.0375683 1 1 0
308.406 0.0375683 0.0375683 1 1 0
308.706 0.0375683 0.0375683 1 1 0
309.006 0.0375683 0.0375683 1 1 0
309.306 0.0375683 0.0375683 1 1 0
309.605 0.0375683 0.0375683 1 1 0
309.905 0.0375683 0.0375683 1 1 0
310.205 0.0375683 0.0375683 1 1 0
310.505 0.0375683 0.0375683 1 1 0
310.805 0.0375683 0.0375683 1 1 0
311.104 0.0375683 0.0375683 1 1 0
311.404 0.0375683 0.0375683 1 1 0
311.704 0.0375683 0.0375683 1 1 0
312.004 0.0375683 0.0375683 1 1 0
312.303 0.0375683 0.0375683 1 1 0
312.603 0.0375683 0.0375683 1 1 0
312.903 0.0375683 0.0375683 1 1 0
313.203 0.0375683 0.0375683 1 1 0
313.503 0.0375683 0.0375683 1 1 0
313.802 0.0375683 0.0375683 1 1 0
314.102 0.0375683 0.0375683 1 1 0
314.402 0.0375683 0.0375683 1 1 0
314.702 0.0375683 0.0375683 1 1 0
315.001 0.0375683 0.0375683 1 1 0
315.301 0.0375683 0.0375683 1 1 0
315.601 0.0375683 0.0375683 1 1 0
315.901 0.0375683 0.0375683 1 1 0
316.201 0.0375683 0.0375683 1 1 0
316.5 0.0375683 0.0375683 1 1 0
316.8 0.0375683 0.0375683 1 1 0
317.1 0.0375683 0.0375683 1 1 0
317.4 0.0375683 0.0375683 1 1 0
317.7 0.0375683 0.0375683 1 1 0
317.999 0.0375683 0.0375683 1 1 0
318.299 0.0375683 0.0375683 1 1 0
318.599 0.0375683 0.0375683 1 1 0
318.899 0.0375683 0.0375683 1 1 0
319.199 0.0375683 0.0375683 1 1 0
319.498 0.0375683 0.0375683 1 1 0
319.798 0.0375683 0.0375683 1 1 0
320.098 0.0375683 0.0375683 1 1 0
320.398 0.0375683 0.0375683 1 1 0
320.698 0.0375683 0.0375683 1 1 0
320.997 0.0375683 0.0375683 1 1 0
321.297 0.0375683 0.0375683 1 1 0
321.597 0.0375683 0.0375683 1 1 0
321.897 0.0375683 0.0375683 1 1 0
322.197 0.0375683 0.0375683 1 1 0
322.496 0.0375683 0.0375683 1 1 0
322.796 0.0375683 0.0375683 1 1 0
323.096 0.0375683 0.0375683 1 1 0
323.396 0.0375683 0.0375683 1 1 0
323.696 0.0375683 0.0375683 1 1 0
323.995 0.0375683 0.0375683 1 1 0
324.295 0.0375683 0.0375683 1 1 0
324.595 0.0375683 0.0375683 1 1 0
324.895 0.0375683 0.0375683 1 1 0
325.195 0.0375683 0.0375683 1 1 0
325.494 0.0375683 0.0375683 1 1 0
325.794 0.0375683 0.0375683 1 1 0
326.094 0.0375683 0.0375683 1 1 0
326.394 0.0375683 0.0375683 1 1 0
326.694 0.0375683 0.0375683 1 1 0
326.994 0.0375683 0.0375683 1 1 0
327.293 0.0375683 0.0375683 1 1 0
327.593 0.0375683 0.0375683 1 1 0
327.893 0.0375683 0.0375683 1 1 0
328.193 0.0375683 0.0375683 1 1 0
328.493 0.0375683 0.0375683 1 1 0
328.792 0.0375683 0.0375683 1 1 0
329.092 0.0375683 0.0375683 1 1 0
329.392 0.0375683 0.0375683 1 1 0
329.692 0.0375683 0.0375683 1 1 0
329.992 0.0375683 0.0375683 1 1 0
330.292 0.0375683 0.0375683 1 1 0
330.591 0.0375683 0.0375683 1 1 0
330.891 0.0375683 0.0375683 1 1 0
331.191 0.0375683 0.0375683 1 1 0
331.491 0.0375683 0.0375683 1 1 0
331.791 0.0375683 0.0375683 1 1 0
332.091 0.0375683 0.0375683 1 1 0
332.39 0.0375683 0.0375683 1 1 0
332.69 0.0375683 0.0375683 1 1 0
332.99 0.0375683 0.0375683 1 1 0
333.29 0.0375683 0.0375683 1 1 0
333.59 0.0375683 0.0375683 1 1 0
333.889 0.0375683 0.0375683 1 1 0
334.189 0.0375683 0.0375683 1 1 0
334.489 0.0375683 0.0375683 1 1 0
334.789 0.0375683 0.0375683 1 1 0
335.089 0.0375683 0.0375683 1 1 0
335.389 0.0375683 0.0375683 1 1 0
335.688 0.0375683 0.0375683 1 1 0
335.988 0.0375683 0.0375683 1 1 0
336.288 0.0375683 0.0375683 1 1 0
336.588 0.0375683 0.0375683 1 1 0
336.888 0.0375683 0.0375683 1 1 0
337.188 0.0375683 0.0375683 1 1 0
337.487 0.0375683 0.0375683 1 1 0
337.787 0.0375683 0.0375683 1 1 0
338.087 0.0375683 0.0375683 1 1 0
338.387 0.0375683 0.0375683 1 1 0
338.687 0.0375683 0.0375683 1 1 0
338.987 0.0375683 0.0375683 1 1 0
339.286 0.0375683 0.0375683 1 1 0
339.586 0.0375683 0.0375683 1 1 0
339.886 0.0375683 0.0375683 1 1 0
340.186 0.0375683 0.0375683 1 1 0
340.486 0.0375683 0.0375683 1 1 0
340.786 0.0375683 0.0375683 1 1 0
341.086 0.0375683 0.0375683 1 1 0
341.385 0.0375683 0.0375683 1 1 0
341.685 0.0375683 0.0375683 1 1 0
341.985 0.0375683 0.0375683 1 1 0
342.285 0.0375683 0.0375683 1 1 0
342.585 0.0375683 0.0375683 1 1 0
342.885 0.0375683 0.0375683 1 1 0
343.184 0.0375683 0.0375683 1 1 0
343.484 0.0375683 0.0375683 1 1 0
343.784 0.0375683 0.0375683 1 1 0
344.084 0.0375683 0.0375683 1 1 0
344.384 0.0375683 0.0375683 1 1 0
344.684 0.0375683 0.0375683 1 1 0
344.984 0.0375683 0.0375683 1 1 0
345.283 0.0375683 0.0375683 1 1 0
345.583 0.0375683 0.0375683 1 1 0
345.883 0.0375683 0.0375683 1 1 0
346.183 0.0375683 0.0375683 1 1 0
346.483 0.0375683 0.0375683 1 1 0
346.783 0.0375683 0.0375683 1 1 0
347.082 0.0375683 0.0375683 1 1 0
347.382 0.0375683 0.0375683 1 1 0
347.682 0.0375683 0.0375683 1 1 0
347.982 0.0375683 0.0375683 1 1 0
348.282 0.0375683 0.0375683 1 1 0
348.582 0.0375683 0.0375683 1 1 0
348.882 0.0375683 0.0375683 1 1 0
349.181 0.0375683 0.0375683 1 1 0
349.481 0.0375683 0.0375683 1 1 0
349.781 0.0375683 0.0375683 1 1 0
350.081 0.0375683 0.0375683 1 1 0
350.381 0.0375683 0.0375683 1 1 0
350.681 0.0375683 0.0375683 1 1 0
350.981 0.0375683 0.0375683 1 1 0
351.28 0.0375683 0.0375683 1 1 0
351.58 0.0375683 0.0375683 1 1 0
351.88 0.0375683 0.0375683 1 1 0
352.18 0.0375683 0.0375683 1 1 0
352.48 0.0375683 0.0375683 1 1 0
352.78 0.0375683 0.0375683 1 1 0
353.08 0.0375683 0.0375683 1 1 0
353.379 0.0375683 0.0375683 1 1 0
353.679 0.0375683 0.0375683 1 1 0
353.979 0.0375683 0.0375683 1 1 0
354.279 0.0375683 0.0375683 1 1 0
354.579 0.0375683 0.0375683 1 1 0
354.879 0.0375683 0.0375683 1 1 0
355.179 0.0375683 0.0375683 1 1 0
355.479 0.0375683 0.0375683 1 1 0
355.778 0.0375683 0.0375683 1 1 0
356.078 0.0375683 0.0375683 1 1 0
356.378 0.0375683 0.0375683 1 1 0
356.678 0.0375683 0.0375683 1 1 0
356.978 0.0375683 0.0375683 1 1 0
357.278 0.0375683 0.0375683 1 1 0
357.578 0.0375683 0.0375683 1 1 0
357.877 0.0375683 0.0375683 1 1 0
358.177 0.0375683 0.0375683 1 1 0
358.477 0.0375683 0.0375683 1 1 0
358.777 0.0375683 0.0375683 1 1 0
359.077 0.0375683 0.0375683 1 1 0
359.377 0.0375683 0.0375683 1 1 0
359.677 0.0375683 0.0375683 1 1 0
359.977 0.0375683 0.0375683 1 1 0
360.276 0.0375683 0.0375683 1 1 0
360.576 0.0375683 0.0375683 1 1 0
360.876 0.0375683 0.0375683 1 1 0
361.176 0.0375683 0.0375683 1 1 0
361.476 0.0375683 0.0375683 1 1 0
361.776 0.0375683 0.0375683 1 1 0
362.076 0.0375683 0.0375683 1 1 0
362.376 0.0375683 0.0375683 1 1 0
362.675 0.0375683 0.0375683 1 1 0
362.975 0.0375683 0.0375683 1 1 0
363.275 0.0375683 0.0375683 1 1 0
363.575 0.0375683 0.0375683 1 1 0
363.875 0.0375683 0.0375683 1 1 0
364.175 0.0375683 0.0375683 1 1 0
364.475 0.0375683 0.0375683 1 1 0
364.775 0.0375683 0.0375683 1 1 0
365.074 0.0375683 0.0375683 1 1 0
365.374 0.0375683 0.0375683 1 1 0
365.674 0.0375683 0.0375683 1 1 0
365.974 0.0375683 0.0375683 1 1 0
366.274 0.0375683 0.0375683 1 1 0
366.574 0.0375683 0.0375683 1 1 0
366.874 0.0375683 0.0375683 1 1 0
367.174 0.0375683 0.0375683 1 1 0
367.473 0.0375683 0.0375683 1 1 0
367.773 0.0375683 0.0375683 1 1 0
368.073 0.0375683 0.0375683 1 1 0
368.373 0.0375683 0.0375683 1 1 0
368.673 0.0375683 0.0375683 1 1 0
368.973 0.0375683 0.0375683 1 1 0
369.273 0.0375683 0.0375683 1 1 0
369.573 0.0375683 0.0375683 1 1 0
369.873 0.0375683 0.0375683 1 1 0
370.172 0.0375683 0.0375683 1 1 0
370.472 0.0375683 0.0375683 1 1 0
370.772 0.0375683 0.0375683 1 1 0
371.072 0.0375683 0.0375683 1 1 0
371.372 0.0375683 0.0375683 1 1 0
371.672 0.0375683 0.0375683 1 1 0
371.972 0.0375683 0.0375683 1 1 0
372.272 0.0375683 0.0375683 1 1 0
372.571 0.0375683 0.0375683 1 1 0
372.871 0.0375683 0.0375683 1 1 0
373.171 0.0375683 0.0375683 1 1 0
373.471 0.0375683 0.0375683 1 1 0
373.771 0.0375683 0.0375683 1 1 0
374.071 0.0375683 0.0375683 1 1 0
374.371 0.0375683 0.0375683 1 1 0
374.671 0.0375683 0.0375683 1 1 0
374.971 0.0375683 0.0375683 1 1 0
375.27 0.0375683 0.0375683 1 1 0
375.57 0.0375683 0.0375683 1 1 0
375.87 0.0375683 0.0375683 1 1 0
376.17 0.0375683 0.0375683 1 1 0
376.47 0.0375683 0.0375683 1 1 0
376.77 0.0375683 0.0375683 1 1 0
377.07 0.0375683 0.0375683 1 1 0
377.37 0.0375683 0.0375683 1 1 0
377.67 0.0375683 0.0375683 1 1 0
377.97 0.0375683 0.0375683 1 1 0
378.269 0.0375683 0.0375683 1 1 0
378.569 0.0375683 0.0375683 1 1 0
378.869 0.0375683 0.0375683 1 1 0
379.169 0.0375683 0.0375683 1 1 0
379.469 0.0375683 0.0375683 1 1 0
379.769 0.0375683 0.0375683 1 1 0
380.069 0.0375683 0.0375683 1 1 0
380.369 0.0375683 0.0375683 1 1 0
380.669 0.0375683 0.0375683 1 1 0
380.968 0.0375683 0.0375683 1 1 0
381.268 0.0375683 0.0375683 1 1 0
381.568 0.0375683 0.0375683 1 1 0
381.868 0.0375683 0.0375683 1 1 0
382.168 0.0375683 0.0375683 1 1 0
382.468 0.0375683 0.0375683 1 1 0
382.768 0.0375683 0.0375683 1 1 0
383.068 0.0375683 0.0375683 1 1 0
383.368 0.0375683 0.0375683 1 1 0
383.668 0.0375683 0.0375683 1 1 0
383.967 0.0375683 0.0375683 1 1 0
384.267 0.0375683 0.0375683 1 1 0
384.567 0.0375683 0.0375683 1 1 0
384.867 0.0375683 0.0375683 1 1 0
385.167 0.0375683 0.0375683 1 1 0
385.467 0.0375683 0.0375683 1 1 0
385.767 0.0375683 0.0375683 1 1 0
386.067 0.0375683 0.0375683 1 1 0
386.367 0.0375683 0.0375683 1 1 0
386.667 0.0375683 0.0375683 1 1 0
386.966 0.0375683 0.0375683 1 1 0
387.266 0.0375683 0.0375683 1 1 0
387.566 0.0375683 0.0375683 1 1 0
387.866 0.0375683 0.0375683 1 1 0
388.166 0.0375683 0.0375683 1 1 0
388.466 0.0375683 0.0375683 1 1 0
388.766 0.0375683 0.0375683 1 1 0
389.066 0.0375683 0.0375683 1 1 0
389.366 0.0375683 0.0375683 1 1 0
389.666 0.0375683 0.0375683 1 1 0
389.965 0.0375683 0.0375683 1 1 0
390.265 0.0375683 0.0375683 1 1 0
390.565 0.0375683 0.0375683 1 1 0
390.865 0.0375683 0.0375683 1 1 0
391.165 0.0375683 0.0375683 1 1 0
391.465 0.0375683 0.0375683 1 1 0
391.765 0.0375683 0.0375683 1 1 0
392.065 0.0375683 0.0375683 1 1 0
392.365 0.0375683 0.0375683 1 1 0
392.665 0.0375683 0.0375683 1 1 0
392.965 0.0375683 0.0375683 1 1 0
393.264 0.0375683 0.0375683 1 1 0
393.564 0.0375683 0.0375683 1 1 0
393.864 0.0375683 0.0375683 1 1 0
394.164 0.0375683 0.0375683 1 1 0
394.464 0.0375683 0.0375683 1 1 0
394.764 0.0375683 0.0375683 1 1 0
395.064 0.0375683 0.0375683 1 1 0
395.364 0.0375683 0.0375683 1 1 0
395.664 0.0375683 0.0375683 1 1 0
395.964 0.0375683 0.0375683 1 1 0
396.264 0.0375683 0.0375683 1 1 0
396.563 0.0375683 0.0375683 1 1 0
396.863 0.0375683 0.0375683 1 1 0
397.163 0.0375683 0.0375683 1 1 0
397.463 0.0375683 0.0375683 1 1 0
397.763 0.0375683 0.0375683 1 1 0
398.063 0.0375683 0.0375683 1 1 0
398.363 0.0375683 0.0375683 1 1 0
398.663 0.0375683 0.0375683 1 1 0
398.963 0.0375683 0.0375683 1 1 0
399.263 0.0375683 0.0375683 1 1 0
399.563 0.0375683 0.0375683 1 1 0
399.862 0.0375683 0.0375683 1 1 0
400.162 0.0375683 0.0375683 1 1 0
0.757098 0.413593 0.413593 4 7 0
0.757007 0.413576 0.413576 3 7 0
0.756799 0.413533 0.413533 3 7 0
0.756411 0.413454 0.413454 3 7 0
0.755844 0.413338 0.413338 3 7 0
0.755098 0.413185 0.413185 3 7 0
0.754172 0.412997 0.412997 3 7 0
0.753066 0.412774 0.412774 3 7 0
0.751779 0.412515 0.412515 3 7 0
0.750313 0.412223 0.412223 3 7 0
0.748665 0.411896 0.411896 3 7 0
0.746835 0.411536 0.411536 3 7 0
0.744824 0.411144 0.411144 3 7 0
0.742631 0.410719 0.410719 3 7 0
0.740256 0.410263 0.410263 3 7 0
0.737698 0.409777 0.409777 3 7 0
0.734959 0.409259 0.409259 3 7 0
0.732038 0.408712 0.408712 3 7 0
0.728937 0.408136 0.408136 3 7 0
0.725655 0.40753 0.40753 3 7 0
0.722195 0.406895 0.406895 3 7 0
0.718558 0.406231 0.406231 3 7 0
0.714746 0.405539 0.405539 3 7 0
0.710762 0.404818 0.404818 3 7 0
0.706607 0.404069 0.404069 3 7 0
0.702287 0.403291 0.403291 3 7 0
0.697803 0.402484 0.402484 3 7 0
0.693161 0.401649 0.401649 3 7 0
0.688364 0.400784 0.400784 3 7 0
0.683418 0.399891 0.399891 3 7 0
0.678326 0.398969 0.398969 3 7 0
0.673096 0.398018 0.398018 3 7 0
0.667732 0.397038 0.397038 3 7 0
0.662239 0.396029 0.396029 3 7 0
0.656625 0.394992 0.394992 3 7 0
0.650894 0.393926 0.393926 3 7 0
0.645052 0.392831 0.392831 3 7 0
0.639106 0.391709 0.391709 3 7 0
0.633062 0.390559 0.390559 3 7 0
0.626925 0.389381 0.389381 3 7 0
0.620701 0.388177 0.388177 3 7 0
0.614397 0.386947 0.386947 3 7 0
0.608017 0.385691 0.385691 3 7 0
0.601567 0.38441 0.38441 3 7 0
0.595053 0.383104 0.383104 3 7 0
0.588481 0.381775 0.381775 3 7 0
0.581854 0.380423 0.380423 3 7 0
0.575178 0.379048 0.379048 3 7 0
0.568459 0.377651 0.377651 3 7 0
0.5617 0.376233 0.376233 3 7 0
0.554906 0.374796 0.374796 3 7 0
0.548083 0.373338 0.373338 3 7 0
0.541233 0.371861 0.371861 3 7 0
0.534362 0.370366 0.370366 3 7 0
0.527474 0.368854 0.368854 3 7 0
0.520572 0.367324 0.367324 3 7 0
0.513661 0.365779 0.365779 3 7 0
0.506744 0.364217 0.364217 3 7 0
0.499825 0.36264 0.36264 3 7 0
0.492908 0.361049 0.361049 3 7 0
0.485996 0.359443 0.359443 3 7 0
0.479093 0.357824 0.357824 3 7 0
0.472202 0.356192 0.356192 3 7 0
0.465327 0.354548 0.354548 3 7 0
0.45847 0.352891 0.352891 3 7 0
0.451635 0.351222 0.351222 3 7 0
0.444824 0.349542 0.349542 3 7 0
0.438042 0.347852 0.347852 3 7 0
0.43129 0.34615 0.34615 3 7 0
0.424571 0.344439 0.344439 3 7 0
0.417888 0.342718 0.342718 3 7 0
0.411244 0.340987 0.340987 3 7 0
0.404641 0.339246 0.339246 3 7 0
0.398082 0.337497 0.337497 3 7 0
0.391569 0.335739 0.335739 3 7 0
0.385104 0.333972 0.333972 3 7 0
0.378689 0.332197 0.332197 3 7 0
0.372326 0.330414 0.330414 3 7 0
0.366018 0.328623 0.328623 3 7 0
0.359766 0.326824 0.326824 3 7 0
0.353572 0.325017 0.325017 3 7 0
0.347437 0.323203 0.323203 3 7 0
0.341364 0.321382 0.321382 3 7 0
0.335352 0.319554 0.319554 3 7 0
0.329405 0.317718 0.317718 3 7 0
0.323523 0.315875 0.315875 3 7 0
0.317706 0.314026 0.314026 3 7 0
0.311957 0.31217 0.31217 3 7 0
0.306276 0.310307 0.310307 3 7 0
0.300665 0.308437 0.308437 3 7 0
0.295122 0.306561 0.306561 3 7 0
0.289651 0.304679 0.304679 3 7 0
0.28425 0.30279 0.30279 3 7 0
0.278921 0.300895 0.300895 3 7 0
0.273664 0.298993 0.298993 3 7 0
0.268478 0.297086 0.297086 3 7 0
0.263366 0.295172 0.295172 3 7 0
0.258326 0.293252 0.293252 3 7 0
0.253359 0.291326 0.291326 3 7 0
0.248465 0.289394 0.289394 3 7 0
0.243643 0.287456 0.287456 3 7 0
0.238895 0.285512 0.285512 3 7 0
0.234218 0.283563 0.283563 3 7 0
0.229615 0.281608 0.281608 3 7 0
0.225084 0.279647 0.279647 3 7 0
0.220624 0.277681 0.277681 3 7 0
0.216236 0.275709 0.275709 3 7 0
0.21192 0.273732 0.273732 3 7 0
0.207674 0.271749 0.271749 3 7 0
0.203499 0.269762 0.269762 3 7 0
0.199394 0.267769 0.267769 3 7 0
0.195358 0.265772 0.265772 3 7 0
0.191391 0.263769 0.263769 3 7 0
0.187492 0.261762 0.261762 3 7 0
0.183662 0.259751 0.259751 3 7 0
0.179898 0.257735 0.257735 3 7 0
0.176201 0.255715 0.255715 3 7 0
0.17257 0.253691 0.253691 3 7 0
0.169004 0.251664 0.251664 3 7 0
0.165503 0.249632 0.249632 3 7 0
0.162066 0.247598 0.247598 3 7 0
0.158692 0.24556 0.24556 3 7 0
0.15538 0.243519 0.243519 3 7 0
0.152131 0.241475 0.241475 3 7 0
0.148942 0.239429 0.239429 3 7 0
0.145814 0.237381 0.237381 3 7 0
0.142746 0.235331 0.235331 3 7 0
0.139737 0.233279 0.233279 3 7 0
0.136785 0.231226 0.231226 3 7 0
0.133892 0.229172 0.229172 3 7 0
0.131055 0.227117 0.227117 3 7 0
0.128274 0.225061 0.225061 3 7 0
0.125548 0.223006 0.223006 3 7 0
0.122877 0.22095 0.22095 3 7 0
0.120259 0.218895 0.218895 3 7 0
0.117695 0.216842 0.216842 3 7 0
0.115183 0.214789 0.214789 3 7 0
0.112722 0.212738 0.212738 3 7 0
0.110313 0.21069 0.21069 3 7 0
0.107953 0.208644 0.208644 3 7 0
0.105643 0.2066 0.2066 3 7 0
0.103381 0.20456 0.20456 3 7 0
0.101168 0.202524 0.202524 3 7 0
0.0990014 0.200491 0.200491 3 7 0
0.0968814 0.198463 0.198463 3 7 0
0.0948073 0.19644 0.19644 3 7 0
0.0927782 0.194423 0.194423 3 7 0
0.0907934 0.192411 0.192411 3 7 0
0.0888522 0.190405 0.190405 3 7 0
0.0869539 0.188406 0.188406 3 7 0
0.0850978 0.186414 0.186414 3 7 0
0.0832832 0.184429 0.184429 3 7 0
0.0815094 0.182453 0.182453 3 7 0
0.0797757 0.180484 0.180484 3 7 0
0.0780813 0.178524 0.178524 3 7 0
0.0764257 0.176573 0.176573 3 7 0
0.074808 0.174632 0.174632 3 7 0
0.0732276 0.1727 0.1727 3 7 0
0.0716838 0.170778 0.170778 3 7 0
0.0701759 0.168867 0.168867 3 7 0
0.0687033 0.166967 0.166967 3 7 0
0.0672651 0.165078 0.165078 3 7 0
0.0658609 0.1632 0.1632 3 7 0
0.0644898 0.161335 0.161335 3 7 0
0.0631512 0.159481 0.159481 3 7 0
0.0618445 0.15764 0.15764 3 7 0
0.0605689 0.155811 0.155811 3 7 0
0.0593238 0.153995 0.153995 3 7 0
0.0581086 0.152192 0.152192 3 7 0
0.0569226 0.150403 0.150403 3 7 0
0.0557651 0.148627 0.148627 3 7 0
0.0546355 0.146865 0.146865 3 7 0
0.0535332 0.145116 0.145116 3 7 0
0.0524575 0.143381 0.143381 3 7 0
0.0514079 0.141661 0.141661 3 7 0
0.0503836 0.139955 0.139955 3 7 0
0.0493842 0.138263 0.138263 3 7 0
0.048409 0.136585 0.136585 3 7 0
0.0474573 0.134922 0.134922 3 7 0
0.0465287 0.133273 0.133273 3 7 0
0.0456225 0.131639 0.131639 3 7 0
0.0447383 0.130019 0.130019 3 7 0
0.0438753 0.128414 0.128414 3 7 0
0.0430332 0.126824 0.126824 3 7 0
0.0422113 0.125248 0.125248 3 7 0
0.0414091 0.123686 0.123686 3 7 0
0.0406262 0.122139 0.122139 3 7 0
0.0398619 0.120607 0.120607 3 7 0
0.0391159 0.119088 0.119088 3 7 0
0.0383877 0.117584 0.117584 3 7 0
0.0376767 0.116095 0.116095 3 7 0
0.0369825 0.114619 0.114619 3 7 0
0.0363046 0.113158 0.113158 3 7 0
0.0356427 0.11171 0.11171 3 7 0
0.0349963 0.110277 0.110277 3 7 0
0.0343649 0.108857 0.108857 3 7 0
0.0337482 0.107451 0.107451 3 7 0
0.0331458 0.106058 0.106058 3 7 0
0.0325573 0.104679 0.104679 3 7 0
0.0319823 0.103313 0.103313 3 7 0
0.0314204 0.10196 0.10196 3 7 0
0.0308713 0.100621 0.100621 3 7 0
0.0303347 0.0992938 0.0992938 3 7 0
0.0298102 0.0979797 0.0979797 3 7 0
0.0292974 0.0966782 0.0966782 3 7 0
0.0287962 0.0953892 0.0953892 3 7 0
0.0283061 0.0941126 0.0941126 3 7 0
0.0278268 0.0928481 0.0928481 3 7 0
0.0273582 0.0915958 0.0915958 3 7 0
0.0268998 0.0903553 0.0903553 3 7 0
0.0264515 0.0891266 0.0891266 3 7 0
0.0260129 0.0879096 0.0879096 3 7 0
0.0255838 0.0867041 0.0867041 3 7 0
0.025164 0.0855099 0.0855099 3 7 0
0.0247532 0.0843269 0.0843269 3 7 0
0.0243512 0.083155 0.083155 3 7 0
0.0239578 0.0819941 0.0819941 3 7 0
0.0235727 0.0808439 0.0808439 3 7 0
0.0231957 0.0797044 0.0797044 3 7 0
0.0228267 0.0785755 0.0785755 3 7 0
0.0224654 0.077457 0.077457 3 7 0
0.0221117 0.0763487 0.0763487 3 7 0
0.0217653 0.0752506 0.0752506 3 7 0
0.0214261 0.0741625 0.0741625 3 7 0
0.0210939 0.0730842 0.0730842 3 7 0
0.0207686 0.0720158 0.0720158 3 7 0
0.0204499 0.070957 0.070957 3 7 0
0.0201378 0.0699078 0.0699078 3 7 0
0.0198321 0.068868 0.068868 3 7 0
0.0195325 0.0678375 0.0678375 3 7 0
0.0192391 0.0668162 0.0668162 3 7 0
0.0189517 0.065804 0.065804 3 7 0
0.01867 0.0648008 0.0648008 3 7 0
0.0183941 0.0638066 0.0638066 3 7 0
0.0181237 0.0628211 0.0628211 3 7 0
0.0178588 0.0618443 0.0618443 3 7 0
0.0175992 0.0608762 0.0608762 3 7 0
0.0173449 0.0599166 0.0599166 3 7 0
0.0170957 0.0589654 0.0589654 3 7 0
0.0168516 0.0580226 0.0580226 3 7 0
0.0166123 0.0570881 0.0570881 3 7 0
0.0163779 0.0561618 0.0561618 3 7 0
0.0161483 0.0552437 0.0552437 3 7 0
0.0159233 0.0543336 0.0543336 3 7 0
0.0157029 0.0534316 0.0534316 3 7 0
0.0154869 0.0525375 0.0525375 3 7 0
0.0152754 0.0516513 0.0516513 3 7 0
0.0150682 0.050773 0.050773 3 7 0
0.0148652 0.0499025 0.0499025 3 7 0
0.0146665 0.0490397 0.0490397 3 7 0
0.0144719 0.0481846 0.0481846 3 7 0
0.0142813 0.0473373 0.0473373 3 7 0
0.0140947 0.0464975 0.0464975 3 7 0
0.013912 0.0456654 0.0456654 3 7 0
0.0137332 0.0448408 0.0448408 3 7 0
0.0135582 0.0440238 0.0440238 3 7 0
0.013387 0.0432143 0.0432143 3 7 0
0.0132195 0.0424124 0.0424124 3 7 0
0.0130556 0.0416179 0.0416179 3 7 0
0.0128953 0.0408309 0.0408309 3 7 0
0.0127385 0.0400514 0.0400514 3 7 0
0.0125853 0.0392794 0.0392794 3 7 0
0.0124355 0.0385148 0.0385148 3 7 0
0.0122891 0.0377577 0.0377577 3 7 0
0.012146 0.037008 0.037008 3 7 0
0.0120063 0.0362658 0.0362658 3 7 0
0.0118699 0.0355311 0.0355311 3 7 0
0.0117366 0.0348039 0.0348039 3 7 0
0.0116066 0.0340841 0.0340841 3 7 0
0.0114797 0.0333719 0.0333719 3 7 0
0.011356 0.0326671 0.0326671 3 7 0
0.0112353 0.0319699 0.0319699 3 7 0
0.0111176 0.0312802 0.0312802 3 7 0
0.0110029 0.030598 0.030598 3 7 0
0.0108912 0.0299234 0.0299234 3 7 0
0.0107824 0.0292563 0.0292563 3 7 0
0.0106765 0.0285969 0.0285969 3 7 0
0.0105734 0.027945 0.027945 3 7 0
0.0104731 0.0273008 0.0273008 3 7 0
0.0103755 0.0266642 0.0266642 3 7 0
0.0102807 0.0260352 0.0260352 3 7 0
0.0101886 0.0254139 0.0254139 3 7 0
0.0100991 0.0248003 0.0248003 3 7 0
0.0100122 0.0241943 0.0241943 3 7 0
0.00992786 0.0235961 0.0235961 3 7 0
0.00984606 0.0230055 0.0230055 3 7 0
0.00976676 0.0224226 0.0224226 3 7 0
0.0096899 0.0218475 0.0218475 3 7 0
0.00961546 0.0212801 0.0212801 3 7 0
0.00954338 0.0207205 0.0207205 3 7 0
0.00947363 0.0201685 0.0201685 3 7 0
0.00940617 0.0196244 0.0196244 3 7 0
0.00934097 0.0190879 0.0190879 3 7 0
0.00927797 0.0185593 0.0185593 3 7 0
0.00921713 0.0180383 0.0180383 3 7 0
0.00915843 0.0175252 0.0175252 3 7 0
0.00910181 0.0170197 0.0170197 3 7 0
0.00904724 0.016522 0.016522 3 7 0
0.00899467 0.0160321 0.0160321 3 7 0
0.00894406 0.0155499 0.0155499 3 7 0
0.00889538 0.0150754 0.0150754 3 7 0
0.00884857 0.0146087 0.0146087 3 7 0
0.00880361 0.0141497 0.0141497 3 7 0
0.00876044 0.0136983 0.0136983 3 7 0
0.00871903 0.0132547 0.0132547 3 7 0
0.00867933 0.0128188 0.0128188 3 7 0
0.00864131 0.0123906 0.0123906 3 7 0
0.00860493 0.01197 0.01197 3 7 0
0.00857014 0.0115571 0.0115571 3 7 0
0.0085369 0.0111519 0.0111519 3 7 0
0.00850518 0.0107543 0.0107543 3 7 0
0.00847492 0.0103643 0.0103643 3 7 0
0.00844611 0.00998185 0.00998185 3 7 0
0.00841868 0.00960703 0.00960703 3 7 0
0.00839261 0.00923977 0.00923977 3 7 0
0.00836786 0.00888005 0.00888005 3 7 0
0.00834438 0.00852786 0.00852786 3 7 0
0.00832213 0.00818317 0.00818317 3 7 0
0.00830109 0.00784596 0.00784596 3 7 0
0.00828121 0.00751622 0.00751622 3 7 0
0.00826245 0.00719391 0.00719391 3 7 0
0.00824477 0.00687901 0.00687901 3 7 0
