0.01 0 0 2 1 0
0.0107454 0 0 1 1 0
0.0113053 0 0 1 1 0
0.0118657 0 0 1 1 0
0.0124266 0 0 1 1 0
0.012988 0 0 1 1 0
0.0135498 0 0 1 1 0
0.0141119 0 0 1 1 0
0.0146743 0 0 1 1 0
0.0152368 0 0 1 1 0
0.0157994 0 0 1 1 0
0.016362 0 0 1 1 0
0.0169244 0 0 1 1 0
0.0174867 0 0 1 1 0
0.0180486 0 0 1 1 0
0.0186101 0 0 1 1 0
0.0191711 0 0 1 1 0
0.0197314 0 0 1 1 0
0.0202909 0 0 1 1 0
0.0208495 0 0 1 1 0
0.0214069 0 0 1 1 0
0.0219632 0 0 1 1 0
0.0225181 0.000200469 0.000200469 1 1 0
0.0230715 0.000775295 0.000775295 1 1 0
0.0236231 0.00110663 0.00110663 1 1 0
0.0241729 0.00138245 0.00138245 1 1 0
0.0247206 0.00163108 0.00163108 1 1 0
0.0252661 0.0018632 0.0018632 1 1 0
0.0258091 0.00208398 0.00208398 1 1 0
0.0263495 0.0022962 0.0022962 1 1 0
0.026887 0.00250144 0.00250144 1 1 0
0.0274215 0.0027006 0.0027006 1 1 0
0.0279527 0.00289412 0.00289412 1 1 0
0.0284805 0.00308219 0.00308219 1 1 0
0.0290045 0.00326476 0.00326476 1 1 0
0.0295245 0.00344164 0.00344164 1 1 0
0.0300404 0.00361255 0.00361255 1 1 0
0.0305518 0.00377709 0.00377709 1 1 0
0.0310585 0.00393481 0.00393481 1 1 0
0.0315604 0.00408519 0.00408519 1 1 0
0.0320571 0.00422769 0.00422769 1 1 0
0.0325484 0.0043617 0.0043617 1 1 0
0.0330341 0.00448661 0.00448661 1 1 0
0.0335139 0.00460177 0.00460177 1 1 0
0.0339876 0.00470654 0.00470654 1 1 0
0.034455 0.00480027 0.00480027 1 1 0
0.0349159 0.00488228 0.00488228 1 1 0
0.0353699 0.00495194 0.00495194 1 1 0
0.0358171 0.0050086 0.0050086 1 1 0
0.0362571 0.00505161 0.00505161 1 1 0
0.0366897 0.00508034 0.00508034 1 1 0
0.0371149 0.00509415 0.00509415 1 1 0
0.0375324 0.00509238 0.00509238 1 1 0
0.0379421 0.00507434 0.00507434 1 1 0
0.0383439 0.00503925 0.00503925 1 1 0
0.0387377 0.00498618 0.00498618 1 1 0
0.0391234 0.00491402 0.00491402 1 1 0
0.0395009 0.00482128 0.00482128 1 1 0
0.0398702 0.00470598 0.00470598 1 1 0
0.0402313 0.00456533 0.00456533 1 1 0
0.040584 0.00439528 0.00439528 1 1 0
0.0409285 0.00418986 0.00418986 1 1 0
0.0412646 0.00393988 0.00393988 1 1 0
0.0415925 0.0036305 0.0036305 1 1 0
0.041912 0.00323583 0.00323583 1 1 0
0.0422233 0.00270401 0.00270401 1 1 0
0.0425263 0.00189474 0.00189474 1 1 0
0.042821 0.00189474 0.00189474 1 1 0
0.0431074 0.00189474 0.00189474 1 1 0
0.0433855 0.00189474 0.00189474 1 1 0
0.0436552 0.00189474 0.00189474 1 1 0
0.0439164 0.00189474 0.00189474 1 1 0
0.044169 0.00189474 0.00189474 1 1 0
0.0444127 0.00260355 0.00260355 1 1 0
0.0446474 0.004799 0.004799 1 1 0
0.0448728 0.00625247 0.00625247 1 1 0
0.0450884 0.00740428 0.00740428 1 1 0
0.0452939 0.00836614 0.00836614 1 1 0
0.0454886 0.00918043 0.00918043 1 1 0
0.0456721 0.00986218 0.00986218 1 1 0
0.0458436 0.0104112 0.0104112 1 1 0
0.0460023 0.010816 0.010816 1 1 0
0.0461472 0.011054 0.011054 1 1 0
0.0462775 0.0110893 0.0110893 1 1 0
0.0463918 0.0108665 0.0108665 1 1 0
0.046489 0.0102963 0.0102963 1 1 0
0.0465565 0.0094345 0.0094345 2 1 0
0.0466186 0.00767053 0.00767053 2 1 0
0.0466594 0.00394411 0.00394411 2 1 0
0.0466773 0.00394411 0.00394411 2 1 0
0.046678 0.00394411 0.00394411 2 1 0
0.0466651 0.00394411 0.00394411 2 1 0
0.0466251 0.00394411 0.00394411 2 1 0
0.046556 0.00394411 0.00394411 2 1 0
0.0464557 0.00394411 0.00394411 2 1 0
0.046322 0.00394411 0.00394411 2 1 0
0.0461527 0.00394411 0.00394411 2 1 0
0.0459454 0.00394411 0.00394411 2 1 0
0.0456978 0.00394411 0.00394411 2 1 0
0.0454075 0.00394411 0.00394411 2 1 0
0.045072 0.00394411 0.00394411 2 1 0
0.0446891 0.00394411 0.00394411 2 1 0
0.0442563 0.00394411 0.00394411 2 1 0
0.0437712 0.00394411 0.00394411 2 1 0
0.0432316 0.00394411 0.00394411 2 1 0
0.0426354 0.00394411 0.00394411 2 1 0
0.0419804 0.00394411 0.00394411 2 1 0
0.0412648 0.00394411 0.00394411 2 1 0
0.040487 0.00394411 0.00394411 2 1 0
0.0396453 0.00394411 0.00394411 2 1 0
0.0387385 0.00394411 0.00394411 2 1 0
0.0377658 0.00394411 0.00394411 2 1 0
0.0367264 0.00394411 0.00394411 2 1 0
0.0356202 0.00394411 0.00394411 2 1 0
0.0344474 0.00394411 0.00394411 2 1 0
0.0332086 0.00394411 0.00394411 2 1 0
0.0319049 0.00394411 0.00394411 2 1 0
0.0305382 0.00394411 0.00394411 2 1 0
0.0291107 0.00394411 0.00394411 2 1 0
0.0276256 0.00394411 0.00394411 2 1 0
0.0260866 0.00394411 0.00394411 2 1 0
0.0244981 0.00394411 0.00394411 2 1 0
0.0228656 0.00394411 0.00394411 2 1 0
0.0211954 0.00394411 0.00394411 2 1 0
0.0194947 0.00394411 0.00394411 2 1 0
0.0177717 0.00394411 0.00394411 2 1 0
0.0160356 0.00394411 0.00394411 2 1 0
0.0142969 0.00394411 0.00394411 2 1 0
0.012567 0.00394411 0.00394411 2 1 0
0.0108586 0.00394411 0.00394411 2 1 0
0.00918578 0.00394411 0.00394411 2 1 0
0.00756367 0.00394411 0.00394411 2 1 0
0.00600881 0.00394411 0.00394411 2 1 0
0.00453904 0.00394411 0.00394411 2 1 0
0.00317358 0.00394411 0.00394411 2 1 0
0.00193296 0.00394411 0.00394411 2 1 0
0.000839096 0.00394411 0.00394411 2 1 0
-8.47231e-05 0.00394411 0.00394411 2 1 0
-0.000813876 0.00394411 0.00394411 2 1 0
-0.00132241 0.00394411 0.00394411 2 1 0
-0.00158307 0.00394411 0.00394411 2 1 0
-0.00161195 0.00394411 0.00394411 2 1 0
-0.0014622 0.00394411 0.00394411 2 1 0
-0.000992593 0.00394411 0.00394411 2 1 0
-0.00017175 0.00394411 0.00394411 2 1 0
0.00103275 0.00394411 0.00394411 2 1 0
0.00265431 0.00394411 0.00394411 2 1 0
0.0047272 0.00394411 0.00394411 2 1 0
0.00728649 0.00394411 0.00394411 2 1 0
0.0103679 0.00394411 0.00394411 2 1 0
0.0140079 0.00394411 0.00394411 2 1 0
0.018243 0.00394411 0.00394411 2 1 0
0.0231106 0.00394411 0.00394411 2 1 0
0.0286478 0.00394411 0.00394411 2 1 0
0.034892 0.00394411 0.00394411 2 1 0
0.0418807 0.00394411 0.00394411 2 1 0
0.0496509 0.00394411 0.00394411 2 1 0
0.0582396 0.00394411 0.00394411 2 1 0
0.067683 0.00394411 0.00394411 2 1 0
0.0780171 0.00394411 0.00394411 2 1 0
0.0892771 0.00394411 0.00394411 2 1 0
0.101497 0.00394411 0.00394411 2 1 0
0.114711 0.00394411 0.00394411 2 1 0
0.128951 0.00394411 0.00394411 2 1 0
0.144249 0.00394411 0.00394411 2 1 0
0.160635 0.00394411 0.00394411 2 1 0
0.178137 0.00394411 0.00394411 2 1 0
0.196784 0.00394411 0.00394411 2 1 0
0.216602 0.00394411 0.00394411 2 1 0
0.237616 0.00394411 0.00394411 2 1 0
0.259849 0.00394411 0.00394411 2 1 0
0.283324 0.00394411 0.00394411 2 1 0
0.308062 0.00394411 0.00394411 2 1 0
0.334081 0.0522634 0.0522634 2 1 0
0.361401 0.140256 0.140256 2 1 0
0.390036 0.190012 0.190012 2 1 0
0.420004 0.227918 0.227918 2 1 0
0.451316 0.259082 0.259082 2 1 0
0.483988 0.285604 0.285604 2 1 0
0.518028 0.30859 0.30859 2 1 0
0.553449 0.328711 0.328711 2 1 0
0.590259 0.34641 0.34641 2 1 0
0.628466 0.361999 0.361999 2 1 0
0.668077 0.37571 0.37571 2 1 0
0.709099 0.387723 0.387723 2 1 0
0.751536 0.39818 0.39818 2 1 0
0.795394 0.407196 0.407196 2 1 0
0.803346 0.408657 0.408657 1 1 0
0.848881 0.4161 0.4161 1 1 0
0.895844 0.422295 0.422295 1 1 0
0.944237 0.427309 0.427309 1 1 0
0.994061 0.4312 0.4312 1 1 0
1.04532 0.434019 0.434019 1 1 0
1.09801 0.435808 0.435808 1 1 0
1.15213 0.436602 0.436602 1 1 0
1.20768 0.436433 0.436433 1 1 0
1.26467 0.435322 0.435322 1 1 0
1.32308 0.433288 0.433288 1 1 0
1.38293 0.430342 0.430342 1 1 0
1.4442 0.426488 0.426488 1 1 0
1.50689 0.421724 0.421724 1 1 0
1.571 0.41604 0.41604 1 1 0
1.63653 0.409418 0.409418 1 1 0
1.70348 0.40183 0.40183 1 1 0
1.77183 0.393235 0.393235 1 1 0
1.84159 0.383582 0.383582 1 1 0
1.91274 0.372801 0.372801 1 1 0
1.9853 0.360801 0.360801 1 1 0
2.05924 0.347465 0.347465 1 1 0
2.13456 0.332638 0.332638 1 1 0
2.21126 0.316115 0.316115 1 1 0
2.28933 0.297617 0.297617 1 1 0
2.36876 0.276745 0.276745 1 1 0
2.44955 0.252911 0.252911 1 1 0
2.53168 0.225167 0.225167 1 1 0
2.61515 0.191816 0.191816 1 1 0
2.69995 0.149123 0.149123 1 1 0
2.78606 0.083826 0.083826 1 1 0
2.87349 0.083826 0.083826 1 1 0
2.96221 0.083826 0.083826 1 1 0
3.05223 0.083826 0.083826 1 1 0
3.14352 0.083826 0.083826 1 1 0
3.23607 0.083826 0.083826 1 1 0
3.32988 0.083826 0.083826 1 1 0
3.42493 0.083826 0.083826 1 1 0
3.52121 0.083826 0.083826 1 1 0
3.6187 0.083826 0.083826 1 1 0
3.7174 0.083826 0.083826 1 1 0
3.81728 0.083826 0.083826 1 1 0
3.91834 0.083826 0.083826 1 1 0
4.02055 0.083826 0.083826 1 1 0
4.12391 0.083826 0.083826 1 1 0
4.22841 0.083826 0.083826 1 1 0
4.33401 0.083826 0.083826 1 1 0
4.44072 0.083826 0.083826 1 1 0
4.54851 0.083826 0.083826 1 1 0
4.65736 0.083826 0.083826 1 1 0
4.76727 0.083826 0.083826 1 1 0
4.87821 0.083826 0.083826 1 1 0
4.99018 0.083826 0.083826 1 1 0
5.10314 0.083826 0.083826 1 1 0
5.21709 0.083826 0.083826 1 1 0
5.33201 0.083826 0.083826 1 1 0
5.44789 0.083826 0.083826 1 1 0
5.5647 0.083826 0.083826 1 1 0
5.68243 0.083826 0.083826 1 1 0
5.80106 0.083826 0.083826 1 1 0
5.92058 0.083826 0.083826 1 1 0
6.04096 0.083826 0.083826 1 1 0
6.1622 0.083826 0.083826 1 1 0
6.28428 0.083826 0.083826 1 1 0
6.40718 0.083826 0.083826 1 1 0
6.53087 0.083826 0.083826 1 1 0
6.65536 0.083826 0.083826 1 1 0
6.78062 0.083826 0.083826 1 1 0
6.90663 0.083826 0.083826 1 1 0
7.03338 0.083826 0.083826 1 1 0
7.16085 0.083826 0.083826 1 1 0
7.28903 0.083826 0.083826 1 1 0
7.4179 0.083826 0.083826 1 1 0
7.54744 0.083826 0.083826 1 1 0
7.67765 0.083826 0.083826 1 1 0
7.80851 0.083826 0.083826 1 1 0
7.93999 0.083826 0.083826 1 1 0
8.0721 0.083826 0.083826 1 1 0
8.20481 0.083826 0.083826 1 1 0
8.3381 0.083826 0.083826 1 1 0
8.47198 0.083826 0.083826 1 1 0
8.60641 0.083826 0.083826 1 1 0
8.74139 0.083826 0.083826 1 1 0
8.87691 0.083826 0.083826 1 1 0
9.01295 0.083826 0.083826 1 1 0
9.14951 0.083826 0.083826 1 1 0
9.28656 0.083826 0.083826 1 1 0
9.42409 0.083826 0.083826 1 1 0
9.5621 0.083826 0.083826 1 1 0
9.70057 0.083826 0.083826 1 1 0
9.8395 0.083826 0.083826 1 1 0
9.97886 0.083826 0.083826 1 1 0
10.1187 0.083826 0.083826 1 1 0
10.2589 0.083826 0.083826 1 1 0
10.3995 0.083826 0.083826 1 1 0
10.5405 0.083826 0.083826 1 1 0
10.6819 0.083826 0.083826 1 1 0
10.8237 0.083826 0.083826 1 1 0
10.9659 0.083826 0.083826 1 1 0
11.1084 0.083826 0.083826 1 1 0
11.2513 0.083826 0.083826 1 1 0
11.3945 0.083826 0.083826 1 1 0
11.538 0.083826 0.083826 1 1 0
11.6819 0.083826 0.083826 1 1 0
11.8261 0.083826 0.083826 1 1 0
11.9707 0.083826 0.083826 1 1 0
12.1155 0.083826 0.083826 1 1 0
12.2606 0.083826 0.083826 1 1 0
12.4061 0.083826 0.083826 1 1 0
12.5518 0.083826 0.083826 1 1 0
12.6978 0.083826 0.083826 1 1 0
12.844 0.083826 0.083826 1 1 0
12.9906 0.083826 0.083826 1 1 0
13.1374 0.083826 0.083826 1 1 0
13.2844 0.083826 0.083826 1 1 0
13.4318 0.083826 0.083826 1 1 0
13.5793 0.083826 0.083826 1 1 0
13.7271 0.083826 0.083826 1 1 0
13.8752 0.083826 0.083826 1 1 0
14.0235 0.083826 0.083826 1 1 0
14.172 0.083826 0.083826 1 1 0
14.3208 0.083826 0.083826 1 1 0
14.4698 0.083826 0.083826 1 1 0
14.619 0.083826 0.083826 1 1 0
14.7684 0.083826 0.083826 1 1 0
14.918 0.083826 0.083826 1 1 0
15.0679 0.083826 0.083826 1 1 0
15.218 0.083826 0.083826 1 1 0
15.3683 0.083826 0.083826 1 1 0
15.5188 0.083826 0.083826 1 1 0
15.6695 0.083826 0.083826 1 1 0
15.8204 0.083826 0.083826 1 1 0
15.9715 0.083826 0.083826 1 1 0
16.1228 0.083826 0.083826 1 1 0
16.2744 0.083826 0.083826 1 1 0
16.4261 0.083826 0.083826 1 1 0
16.578 0.083826 0.083826 1 1 0
16.7302 0.083826 0.083826 1 1 0
16.8825 0.083826 0.083826 1 1 0
17.035 0.083826 0.083826 1 1 0
17.1877 0.083826 0.083826 1 1 0
17.3407 0.083826 0.083826 1 1 0
17.4938 0.083826 0.083826 1 1 0
17.6471 0.083826 0.083826 1 1 0
17.8007 0.083826 0.083826 1 1 0
17.9544 0.083826 0.083826 1 1 0
18.1084 0.083826 0.083826 1 1 0
18.2625 0.083826 0.083826 1 1 0
18.4169 0.083826 0.083826 1 1 0
18.5714 0.083826 0.083826 1 1 0
18.7262 0.083826 0.083826 1 1 0
18.8812 0.083826 0.083826 1 1 0
19.0364 0.083826 0.083826 1 1 0
19.1918 0.083826 0.083826 1 1 0
19.3474 0.083826 0.083826 1 1 0
19.5033 0.083826 0.083826 1 1 0
19.6593 0.083826 0.083826 1 1 0
19.8156 0.083826 0.083826 1 1 0
19.9721 0.083826 0.083826 1 1 0
20.1289 0.083826 0.083826 1 1 0
20.2858 0.083826 0.083826 1 1 0
20.443 0.083826 0.083826 1 1 0
20.6005 0.083826 0.083826 1 1 0
20.7581 0.083826 0.083826 1 1 0
20.916 0.083826 0.083826 1 1 0
21.0742 0.083826 0.083826 1 1 0
21.2326 0.083826 0.083826 1 1 0
21.3912 0.083826 0.083826 1 1 0
21.5502 0.083826 0.083826 1 1 0
21.7093 0.083826 0.083826 1 1 0
21.8687 0.083826 0.083826 1 1 0
22.0284 0.083826 0.083826 1 1 0
22.1884 0.083826 0.083826 1 1 0
22.3486 0.083826 0.083826 1 1 0
22.5091 0.083826 0.083826 1 1 0
22.6699 0.083826 0.083826 1 1 0
22.8309 0.083826 0.083826 1 1 0
22.9922 0.083826 0.083826 1 1 0
23.1539 0.083826 0.083826 1 1 0
23.3158 0.083826 0.083826 1 1 0
23.478 0.083826 0.083826 1 1 0
23.6405 0.083826 0.083826 1 1 0
23.8033 0.083826 0.083826 1 1 0
23.9665 0.083826 0.083826 1 1 0
24.1299 0.083826 0.083826 1 1 0
24.2937 0.083826 0.083826 1 1 0
24.4578 0.083826 0.083826 1 1 0
24.6222 0.083826 0.083826 1 1 0
24.7869 0.083826 0.083826 1 1 0
24.952 0.083826 0.083826 1 1 0
25.1174 0.083826 0.083826 1 1 0
25.2831 0.083826 0.083826 1 1 0
25.4492 0.083826 0.083826 1 1 0
25.6156 0.083826 0.083826 1 1 0
25.7824 0.083826 0.083826 1 1 0
25.9496 0.083826 0.083826 1 1 0
26.1171 0.083826 0.083826 1 1 0
26.285 0.083826 0.083826 1 1 0
26.4532 0.083826 0.083826 1 1 0
26.6218 0.083826 0.083826 1 1 0
26.7908 0.083826 0.083826 1 1 0
26.9602 0.083826 0.083826 1 1 0
27.13 0.083826 0.083826 1 1 0
27.3002 0.083826 0.083826 1 1 0
27.4708 0.083826 0.083826 1 1 0
27.6417 0.083826 0.083826 1 1 0
27.8131 0.083826 0.083826 1 1 0
27.9849 0.083826 0.083826 1 1 0
28.1571 0.083826 0.083826 1 1 0
28.3297 0.083826 0.083826 1 1 0
28.5027 0.083826 0.083826 1 1 0
28.6762 0.083826 0.083826 1 1 0
28.8501 0.083826 0.083826 1 1 0
29.0244 0.083826 0.083826 1 1 0
29.1992 0.083826 0.083826 1 1 0
29.3744 0.083826 0.083826 1 1 0
29.5501 0.083826 0.083826 1 1 0
29.7262 0.083826 0.083826 1 1 0
29.9027 0.083826 0.083826 1 1 0
30.0798 0.083826 0.083826 1 1 0
30.2572 0.083826 0.083826 1 1 0
30.4352 0.083826 0.083826 1 1 0
30.6136 0.083826 0.083826 1 1 0
30.7925 0.083826 0.083826 1 1 0
30.9719 0.083826 0.083826 1 1 0
31.1517 0.083826 0.083826 1 1 0
31.332 0.083826 0.083826 1 1 0
31.5129 0.083826 0.083826 1 1 0
31.6942 0.083826 0.083826 1 1 0
31.876 0.083826 0.083826 1 1 0
32.0583 0.083826 0.083826 1 1 0
32.2411 0.083826 0.083826 1 1 0
32.4244 0.083826 0.083826 1 1 0
32.6083 0.083826 0.083826 1 1 0
32.7926 0.083826 0.083826 1 1 0
32.9775 0.083826 0.083826 1 1 0
33.1628 0.083826 0.083826 1 1 0
33.3487 0.083826 0.083826 1 1 0
33.5351 0.083826 0.083826 1 1 0
33.7221 0.083826 0.083826 1 1 0
33.9096 0.083826 0.083826 1 1 0
34.0976 0.083826 0.083826 1 1 0
34.2861 0.083826 0.083826 1 1 0
34.4752 0.083826 0.083826 1 1 0
34.6648 0.083826 0.083826 1 1 0
34.855 0.083826 0.083826 1 1 0
35.0457 0.083826 0.083826 1 1 0
35.237 0.083826 0.083826 1 1 0
35.4288 0.083826 0.083826 1 1 0
35.6212 0.083826 0.083826 1 1 0
35.8141 0.083826 0.083826 1 1 0
36.0076 0.083826 0.083826 1 1 0
36.2016 0.083826 0.083826 1 1 0
36.3963 0.083826 0.083826 1 1 0
36.5914 0.083826 0.083826 1 1 0
36.7872 0.083826 0.083826 1 1 0
36.9835 0.083826 0.083826 1 1 0
37.1804 0.083826 0.083826 1 1 0
37.3778 0.083826 0.083826 1 1 0
37.5759 0.083826 0.083826 1 1 0
37.7745 0.083826 0.083826 1 1 0
37.9737 0.083826 0.083826 1 1 0
38.1734 0.083826 0.083826 1 1 0
38.3738 0.083826 0.083826 1 1 0
38.5747 0.083826 0.083826 1 1 0
38.7762 0.083826 0.083826 1 1 0
38.9783 0.083826 0.083826 1 1 0
39.181 0.083826 0.083826 1 1 0
39.3842 0.083826 0.083826 1 1 0
39.5881 0.083826 0.083826 1 1 0
39.7925 0.083826 0.083826 1 1 0
39.9975 0.083826 0.083826 1 1 0
40.2032 0.083826 0.083826 1 1 0
40.4094 0.083826 0.083826 1 1 0
40.6162 0.083826 0.083826 1 1 0
40.8235 0.083826 0.083826 1 1 0
41.0315 0.083826 0.083826 1 1 0
41.2401 0.083826 0.083826 1 1 0
41.4493 0.083826 0.083826 1 1 0
41.659 0.083826 0.083826 1 1 0
41.8694 0.083826 0.083826 1 1 0
42.0803 0.083826 0.083826 1 1 0
42.2919 0.083826 0.083826 1 1 0
42.504 0.083826 0.083826 1 1 0
42.7167 0.083826 0.083826 1 1 0
42.93 0.083826 0.083826 1 1 0
43.1439 0.083826 0.083826 1 1 0
43.3584 0.083826 0.083826 1 1 0
43.5735 0.083826 0.083826 1 1 0
43.7892 0.083826 0.083826 1 1 0
44.0055 0.083826 0.083826 1 1 0
44.2224 0.083826 0.083826 1 1 0
44.4398 0.083826 0.083826 1 1 0
44.6579 0.083826 0.083826 1 1 0
44.8765 0.083826 0.083826 1 1 0
45.0957 0.083826 0.083826 1 1 0
45.3155 0.083826 0.083826 1 1 0
45.5359 0.083826 0.083826 1 1 0
45.7569 0.083826 0.083826 1 1 0
45.9784 0.083826 0.083826 1 1 0
46.2006 0.083826 0.083826 1 1 0
46.4233 0.083826 0.083826 1 1 0
46.6466 0.083826 0.083826 1 1 0
46.8705 0.083826 0.083826 1 1 0
47.095 0.083826 0.083826 1 1 0
47.32 0.083826 0.083826 1 1 0
47.5456 0.083826 0.083826 1 1 0
47.7718 0.083826 0.083826 1 1 0
47.9985 0.083826 0.083826 1 1 0
48.2258 0.083826 0.083826 1 1 0
48.4537 0.083826 0.083826 1 1 0
48.6822 0.083826 0.083826 1 1 0
48.9112 0.083826 0.083826 1 1 0
49.1408 0.083826 0.083826 1 1 0
49.3709 0.083826 0.083826 1 1 0
49.6016 0.083826 0.083826 1 1 0
49.8328 0.083826 0.083826 1 1 0
50.0646 0.083826 0.083826 1 1 0
50.297 0.083826 0.083826 1 1 0
50.5299 0.083826 0.083826 1 1 0
50.7633 0.083826 0.083826 1 1 0
50.9973 0.083826 0.083826 1 1 0
51.2319 0.083826 0.083826 1 1 0
51.467 0.083826 0.083826 1 1 0
51.7026 0.083826 0.083826 1 1 0
51.9387 0.083826 0.083826 1 1 0
52.1754 0.083826 0.083826 1 1 0
52.4126 0.083826 0.083826 1 1 0
52.6504 0.083826 0.083826 1 1 0
52.8886 0.083826 0.083826 1 1 0
53.1274 0.083826 0.083826 1 1 0
53.3667 0.083826 0.083826 1 1 0
53.6065 0.083826 0.083826 1 1 0
53.8469 0.083826 0.083826 1 1 0
54.0877 0.083826 0.083826 1 1 0
54.3291 0.083826 0.083826 1 1 0
54.571 0.083826 0.083826 1 1 0
54.8133 0.083826 0.083826 1 1 0
55.0562 0.083826 0.083826 1 1 0
55.2996 0.083826 0.083826 1 1 0
55.5434 0.083826 0.083826 1 1 0
55.7878 0.083826 0.083826 1 1 0
56.0326 0.083826 0.083826 1 1 0
56.278 0.083826 0.083826 1 1 0
56.5238 0.083826 0.083826 1 1 0
56.7701 0.083826 0.083826 1 1 0
57.0169 0.083826 0.083826 1 1 0
57.2641 0.083826 0.083826 1 1 0
57.5118 0.083826 0.083826 1 1 0
57.76 0.083826 0.083826 1 1 0
58.0086 0.083826 0.083826 1 1 0
58.2578 0.083826 0.083826 1 1 0
58.5073 0.083826 0.083826 1 1 0
58.7573 0.083826 0.083826 1 1 0
59.0078 0.083826 0.083826 1 1 0
59.2587 0.083826 0.083826 1 1 0
59.5101 0.083826 0.083826 1 1 0
59.7619 0.083826 0.083826 1 1 0
60.0142 0.083826 0.083826 1 1 0
60.2669 0.083826 0.083826 1 1 0
60.52 0.083826 0.083826 1 1 0
60.7736 0.083826 0.083826 1 1 0
61.0275 0.083826 0.083826 1 1 0
61.2819 0.083826 0.083826 1 1 0
61.5368 0.083826 0.083826 1 1 0
61.792 0.083826 0.083826 1 1 0
62.0477 0.083826 0.083826 1 1 0
62.3037 0.083826 0.083826 1 1 0
62.5602 0.083826 0.083826 1 1 0
62.8171 0.083826 0.083826 1 1 0
63.0744 0.083826 0.083826 1 1 0
63.3321 0.083826 0.083826 1 1 0
63.5901 0.083826 0.083826 1 1 0
63.8486 0.083826 0.083826 1 1 0
64.1075 0.083826 0.083826 1 1 0
64.3667 0.083826 0.083826 1 1 0
64.6263 0.083826 0.083826 1 1 0
64.8864 0.083826 0.083826 1 1 0
65.1467 0.083826 0.083826 1 1 0
65.4075 0.083826 0.083826 1 1 0
65.6686 0.083826 0.083826 1 1 0
65.9301 0.083826 0.083826 1 1 0
66.192 0.083826 0.083826 1 1 0
66.4542 0.083826 0.083826 1 1 0
66.7168 0.083826 0.083826 1 1 0
66.9797 0.083826 0.083826 1 1 0
67.243 0.083826 0.083826 1 1 0
67.5066 0.083826 0.083826 1 1 0
67.7706 0.083826 0.083826 1 1 0
68.0349 0.083826 0.083826 1 1 0
68.2995 0.083826 0.083826 1 1 0
68.5645 0.083826 0.083826 1 1 0
68.8299 0.083826 0.083826 1 1 0
69.0955 0.083826 0.083826 1 1 0
69.3615 0.083826 0.083826 1 1 0
69.6278 0.083826 0.083826 1 1 0
69.8944 0.083826 0.083826 1 1 0
70.1614 0.083826 0.083826 1 1 0
70.4286 0.083826 0.083826 1 1 0
70.6962 0.083826 0.083826 1 1 0
70.9641 0.083826 0.083826 1 1 0
71.2323 0.083826 0.083826 1 1 0
71.5008 0.083826 0.083826 1 1 0
71.7696 0.083826 0.083826 1 1 0
72.0387 0.083826 0.083826 1 1 0
72.3081 0.083826 0.083826 1 1 0
72.5778 0.083826 0.083826 1 1 0
72.8477 0.083826 0.083826 1 1 0
73.118 0.083826 0.083826 1 1 0
73.3886 0.083826 0.083826 1 1 0
73.6594 0.083826 0.083826 1 1 0
73.9305 0.083826 0.083826 1 1 0
74.2019 0.083826 0.083826 1 1 0
74.4735 0.083826 0.083826 1 1 0
74.7455 0.083826 0.083826 1 1 0
75.0177 0.083826 0.083826 1 1 0
75.2901 0.083826 0.083826 1 1 0
75.5629 0.083826 0.083826 1 1 0
75.8359 0.083826 0.083826 1 1 0
76.1091 0.083826 0.083826 1 1 0
76.3826 0.083826 0.083826 1 1 0
76.6564 0.083826 0.083826 1 1 0
76.9304 0.083826 0.083826 1 1 0
77.2046 0.083826 0.083826 1 1 0
77.4791 0.083826 0.083826 1 1 0
77.7539 0.083826 0.083826 1 1 0
78.0289 0.083826 0.083826 1 1 0
78.3041 0.083826 0.083826 1 1 0
78.5796 0.083826 0.083826 1 1 0
78.8553 0.083826 0.083826 1 1 0
79.1312 0.083826 0.083826 1 1 0
79.4073 0.083826 0.083826 1 1 0
79.6837 0.083826 0.083826 1 1 0
79.9603 0.083826 0.083826 1 1 0
80.2372 0.083826 0.083826 1 1 0
80.5142 0.083826 0.083826 1 1 0
80.7915 0.083826 0.083826 1 1 0
81.069 0.083826 0.083826 1 1 0
81.3467 0.083826 0.083826 1 1 0
81.6246 0.083826 0.083826 1 1 0
81.9027 0.083826 0.083826 1 1 0
82.181 0.083826 0.083826 1 1 0
82.4596 0.083826 0.083826 1 1 0
82.7383 0.083826 0.083826 1 1 0
83.0173 0.083826 0.083826 1 1 0
83.2964 0.083826 0.083826 1 1 0
83.5757 0.083826 0.083826 1 1 0
83.8553 0.083826 0.083826 1 1 0
84.135 0.083826 0.083826 1 1 0
84.4149 0.083826 0.083826 1 1 0
84.695 0.083826 0.083826 1 1 0
84.9753 0.083826 0.083826 1 1 0
85.2558 0.083826 0.083826 1 1 0
85.5364 0.083826 0.083826 1 1 0
85.8173 0.083826 0.083826 1 1 0
86.0983 0.083826 0.083826 1 1 0
86.3795 0.083826 0.083826 1 1 0
86.6609 0.083826 0.083826 1 1 0
86.9424 0.083826 0.083826 1 1 0
87.2241 0.083826 0.083826 1 1 0
87.506 0.083826 0.083826 1 1 0
87.7881 0.083826 0.083826 1 1 0
88.0703 0.083826 0.083826 1 1 0
88.3527 0.083826 0.083826 1 1 0
88.6353 0.083826 0.083826 1 1 0
88.918 0.083826 0.083826 1 1 0
89.2009 0.083826 0.083826 1 1 0
89.4839 0.083826 0.083826 1 1 0
89.7671 0.083826 0.083826 1 1 0
90.0504 0.083826 0.083826 1 1 0
90.334 0.083826 0.083826 1 1 0
90.6176 0.083826 0.083826 1 1 0
90.9014 0.083826 0.083826 1 1 0
91.1854 0.083826 0.083826 1 1 0
91.4695 0.083826 0.083826 1 1 0
91.7537 0.083826 0.083826 1 1 0
92.0381 0.083826 0.083826 1 1 0
92.3227 0.083826 0.083826 1 1 0
92.6073 0.083826 0.083826 1 1 0
92.8922 0.083826 0.083826 1 1 0
93.1771 0.083826 0.083826 1 1 0
93.4622 0.083826 0.083826 1 1 0
93.7475 0.083826 0.083826 1 1 0
94.0328 0.083826 0.083826 1 1 0
94.3183 0.083826 0.083826 1 1 0
94.604 0.083826 0.083826 1 1 0
94.8897 0.083826 0.083826 1 1 0
95.1756 0.083826 0.083826 1 1 0
95.4616 0.083826 0.083826 1 1 0
95.7478 0.083826 0.083826 1 1 0
96.034 0.083826 0.083826 1 1 0
96.3204 0.083826 0.083826 1 1 0
96.6069 0.083826 0.083826 1 1 0
96.8936 0.083826 0.083826 1 1 0
97.1803 0.083826 0.083826 1 1 0
97.4672 0.083826 0.083826 1 1 0
97.7542 0.083826 0.083826 1 1 0
98.0413 0.083826 0.083826 1 1 0
98.3286 0.083826 0.083826 1 1 0
98.6159 0.083826 0.083826 1 1 0
98.9033 0.083826 0.083826 1 1 0
99.1909 0.083826 0.083826 1 1 0
99.4786 0.083826 0.083826 1 1 0
99.7664 0.083826 0.083826 1 1 0
100.054 0.083826 0.083826 1 1 0
100.342 0.083826 0.083826 1 1 0
100.63 0.083826 0.083826 1 1 0
100.919 0.083826 0.083826 1 1 0
101.207 0.083826 0.083826 1 1 0
101.495 0.083826 0.083826 1 1 0
101.784 0.083826 0.083826 1 1 0
102.072 0.083826 0.083826 1 1 0
102.361 0.083826 0.083826 1 1 0
102.65 0.083826 0.083826 1 1 0
102.939 0.083826 0.083826 1 1 0
103.228 0.083826 0.083826 1 1 0
103.517 0.083826 0.083826 1 1 0
103.806 0.083826 0.083826 1 1 0
104.096 0.083826 0.083826 1 1 0
104.385 0.083826 0.083826 1 1 0
104.674 0.083826 0.083826 1 1 0
104.964 0.083826 0.083826 1 1 0
105.254 0.083826 0.083826 1 1 0
105.543 0.083826 0.083826 1 1 0
105.833 0.083826 0.083826 1 1 0
106.123 0.083826 0.083826 1 1 0
106.413 0.083826 0.083826 1 1 0
106.703 0.083826 0.083826 1 1 0
106.993 0.083826 0.083826 1 1 0
107.284 0.083826 0.083826 1 1 0
107.574 0.083826 0.083826 1 1 0
107.865 0.083826 0.083826 1 1 0
108.155 0.083826 0.083826 1 1 0
108.446 0.083826 0.083826 1 1 0
108.736 0.083826 0.083826 1 1 0
109.027 0.083826 0.083826 1 1 0
109.318 0.083826 0.083826 1 1 0
109.609 0.083826 0.083826 1 1 0
109.9 0.083826 0.083826 1 1 0
110.191 0.083826 0.083826 1 1 0
110.482 0.083826 0.083826 1 1 0
110.773 0.083826 0.083826 1 1 0
111.065 0.083826 0.083826 1 1 0
111.356 0.083826 0.083826 1 1 0
111.647 0.083826 0.083826 1 1 0
111.939 0.083826 0.083826 1 1 0
112.23 0.083826 0.083826 1 1 0
112.522 0.083826 0.083826 1 1 0
112.814 0.083826 0.083826 1 1 0
113.106 0.083826 0.083826 1 1 0
113.397 0.083826 0.083826 1 1 0
113.689 0.083826 0.083826 1 1 0
113.981 0.083826 0.083826 1 1 0
114.273 0.083826 0.083826 1 1 0
114.565 0.083826 0.083826 1 1 0
114.858 0.083826 0.083826 1 1 0
115.15 0.083826 0.083826 1 1 0
115.442 0.083826 0.083826 1 1 0
115.735 0.083826 0.083826 1 1 0
116.027 0.083826 0.083826 1 1 0
116.32 0.083826 0.083826 1 1 0
116.612 0.083826 0.083826 1 1 0
116.905 0.083826 0.083826 1 1 0
117.197 0.083826 0.083826 1 1 0
117.49 0.083826 0.083826 1 1 0
117.783 0.083826 0.083826 1 1 0
118.076 0.083826 0.083826 1 1 0
118.369 0.083826 0.083826 1 1 0
118.662 0.083826 0.083826 1 1 0
118.955 0.083826 0.083826 1 1 0
119.248 0.083826 0.083826 1 1 0
119.541 0.083826 0.083826 1 1 0
119.834 0.083826 0.083826 1 1 0
120.127 0.083826 0.083826 1 1 0
120.421 0.083826 0.083826 1 1 0
120.714 0.083826 0.083826 1 1 0
121.007 0.083826 0.083826 1 1 0
121.301 0.083826 0.083826 1 1 0
121.594 0.083826 0.083826 1 1 0
121.888 0.083826 0.083826 1 1 0
122.182 0.083826 0.083826 1 1 0
122.475 0.083826 0.083826 1 1 0
122.769 0.083826 0.083826 1 1 0
123.063 0.083826 0.083826 1 1 0
123.357 0.083826 0.083826 1 1 0
123.65 0.083826 0.083826 1 1 0
123.944 0.083826 0.083826 1 1 0
124.238 0.083826 0.083826 1 1 0
124.532 0.083826 0.083826 1 1 0
124.826 0.083826 0.083826 1 1 0
125.12 0.083826 0.083826 1 1 0
125.415 0.083826 0.083826 1 1 0
125.709 0.083826 0.083826 1 1 0
126.003 0.083826 0.083826 1 1 0
126.297 0.083826 0.083826 1 1 0
126.592 0.083826 0.083826 1 1 0
126.886 0.083826 0.083826 1 1 0
127.18 0.083826 0.083826 1 1 0
127.475 0.083826 0.083826 1 1 0
127.769 0.083826 0.083826 1 1 0
128.064 0.083826 0.083826 1 1 0
128.358 0.083826 0.083826 1 1 0
128.653 0.083826 0.083826 1 1 0
128.948 0.083826 0.083826 1 1 0
129.242 0.083826 0.083826 1 1 0
129.537 0.083826 0.083826 1 1 0
129.832 0.083826 0.083826 1 1 0
130.127 0.083826 0.083826 1 1 0
130.422 0.083826 0.083826 1 1 0
130.717 0.083826 0.083826 1 1 0
131.011 0.083826 0.083826 1 1 0
131.306 0.083826 0.083826 1 1 0
131.601 0.083826 0.083826 1 1 0
131.897 0.083826 0.083826 1 1 0
132.192 0.083826 0.083826 1 1 0
132.487 0.083826 0.083826 1 1 0
132.782 0.083826 0.083826 1 1 0
133.077 0.083826 0.083826 1 1 0
133.372 0.083826 0.083826 1 1 0
133.668 0.083826 0.083826 1 1 0
133.963 0.083826 0.083826 1 1 0
134.258 0.083826 0.083826 1 1 0
134.554 0.083826 0.083826 1 1 0
134.849 0.083826 0.083826 1 1 0
135.144 0.083826 0.083826 1 1 0
135.44 0.083826 0.083826 1 1 0
135.735 0.083826 0.083826 1 1 0
136.031 0.083826 0.083826 1 1 0
136.327 0.083826 0.083826 1 1 0
136.622 0.083826 0.083826 1 1 0
136.918 0.083826 0.083826 1 1 0
137.214 0.083826 0.083826 1 1 0
137.509 0.083826 0.083826 1 1 0
137.805 0.083826 0.083826 1 1 0
138.101 0.083826 0.083826 1 1 0
138.397 0.083826 0.083826 1 1 0
138.692 0.083826 0.083826 1 1 0
138.988 0.083826 0.083826 1 1 0
139.284 0.083826 0.083826 1 1 0
139.58 0.083826 0.083826 1 1 0
139.876 0.083826 0.083826 1 1 0
140.172 0.083826 0.083826 1 1 0
140.468 0.083826 0.083826 1 1 0
140.764 0.083826 0.083826 1 1 0
141.06 0.083826 0.083826 1 1 0
141.356 0.083826 0.083826 1 1 0
141.652 0.083826 0.083826 1 1 0
141.948 0.083826 0.083826 1 1 0
142.245 0.083826 0.083826 1 1 0
142.541 0.083826 0.083826 1 1 0
142.837 0.083826 0.083826 1 1 0
143.133 0.083826 0.083826 1 1 0
143.429 0.083826 0.083826 1 1 0
143.726 0.083826 0.083826 1 1 0
144.022 0.083826 0.083826 1 1 0
144.318 0.083826 0.083826 1 1 0
144.615 0.083826 0.083826 1 1 0
144.911 0.083826 0.083826 1 1 0
145.208 0.083826 0.083826 1 1 0
145.504 0.083826 0.083826 1 1 0
145.801 0.083826 0.083826 1 1 0
146.097 0.083826 0.083826 1 1 0
146.394 0.083826 0.083826 1 1 0
146.69 0.083826 0.083826 1 1 0
146.987 0.083826 0.083826 1 1 0
147.283 0.083826 0.083826 1 1 0
147.58 0.083826 0.083826 1 1 0
147.877 0.083826 0.083826 1 1 0
148.173 0.083826 0.083826 1 1 0
148.47 0.083826 0.083826 1 1 0
148.767 0.083826 0.083826 1 1 0
149.064 0.083826 0.083826 1 1 0
149.36 0.083826 0.083826 1 1 0
149.657 0.083826 0.083826 1 1 0
149.954 0.083826 0.083826 1 1 0
150.251 0.083826 0.083826 1 1 0
150.548 0.083826 0.083826 1 1 0
150.844 0.083826 0.083826 1 1 0
151.141 0.083826 0.083826 1 1 0
151.438 0.083826 0.083826 1 1 0
151.735 0.083826 0.083826 1 1 0
152.032 0.083826 0.083826 1 1 0
152.329 0.083826 0.083826 1 1 0
152.626 0.083826 0.083826 1 1 0
152.923 0.083826 0.083826 1 1 0
153.22 0.083826 0.083826 1 1 0
153.517 0.083826 0.083826 1 1 0
153.814 0.083826 0.083826 1 1 0
154.111 0.083826 0.083826 1 1 0
154.408 0.083826 0.083826 1 1 0
154.706 0.083826 0.083826 1 1 0
155.003 0.083826 0.083826 1 1 0
155.3 0.083826 0.083826 1 1 0
155.597 0.083826 0.083826 1 1 0
155.894 0.083826 0.083826 1 1 0
156.192 0.083826 0.083826 1 1 0
156.489 0.083826 0.083826 1 1 0
156.786 0.083826 0.083826 1 1 0
157.083 0.083826 0.083826 1 1 0
157.381 0.083826 0.083826 1 1 0
157.678 0.083826 0.083826 1 1 0
157.975 0.083826 0.083826 1 1 0
158.273 0.083826 0.083826 1 1 0
158.57 0.083826 0.083826 1 1 0
158.867 0.083826 0.083826 1 1 0
159.165 0.083826 0.083826 1 1 0
159.462 0.083826 0.083826 1 1 0
159.76 0.083826 0.083826 1 1 0
160.057 0.083826 0.083826 1 1 0
160.355 0.083826 0.083826 1 1 0
160.652 0.083826 0.083826 1 1 0
160.95 0.083826 0.083826 1 1 0
161.247 0.083826 0.083826 1 1 0
161.545 0.083826 0.083826 1 1 0
161.842 0.083826 0.083826 1 1 0
162.14 0.083826 0.083826 1 1 0
162.437 0.083826 0.083826 1 1 0
162.735 0.083826 0.083826 1 1 0
163.033 0.083826 0.083826 1 1 0
163.33 0.083826 0.083826 1 1 0
163.628 0.083826 0.083826 1 1 0
163.925 0.083826 0.083826 1 1 0
164.223 0.083826 0.083826 1 1 0
164.521 0.083826 0.083826 1 1 0
164.819 0.083826 0.083826 1 1 0
165.116 0.083826 0.083826 1 1 0
165.414 0.083826 0.083826 1 1 0
165.712 0.083826 0.083826 1 1 0
166.009 0.083826 0.083826 1 1 0
166.307 0.083826 0.083826 1 1 0
166.605 0.083826 0.083826 1 1 0
166.903 0.083826 0.083826 1 1 0
167.201 0.083826 0.083826 1 1 0
167.499 0.083826 0.083826 1 1 0
167.796 0.083826 0.083826 1 1 0
168.094 0.083826 0.083826 1 1 0
168.392 0.083826 0.083826 1 1 0
168.69 0.083826 0.083826 1 1 0
168.988 0.083826 0.083826 1 1 0
169.286 0.083826 0.083826 1 1 0
169.584 0.083826 0.083826 1 1 0
169.882 0.083826 0.083826 1 1 0
170.18 0.083826 0.083826 1 1 0
170.478 0.083826 0.083826 1 1 0
170.775 0.083826 0.083826 1 1 0
171.073 0.083826 0.083826 1 1 0
171.371 0.083826 0.083826 1 1 0
171.669 0.083826 0.083826 1 1 0
171.968 0.083826 0.083826 1 1 0
172.266 0.083826 0.083826 1 1 0
172.564 0.083826 0.083826 1 1 0
172.862 0.083826 0.083826 1 1 0
173.16 0.083826 0.083826 1 1 0
173.458 0.083826 0.083826 1 1 0
173.756 0.083826 0.083826 1 1 0
174.054 0.083826 0.083826 1 1 0
174.352 0.083826 0.083826 1 1 0
174.65 0.083826 0.083826 1 1 0
174.948 0.083826 0.083826 1 1 0
175.247 0.083826 0.083826 1 1 0
175.545 0.083826 0.083826 1 1 0
175.843 0.083826 0.083826 1 1 0
176.141 0.083826 0.083826 1 1 0
176.439 0.083826 0.083826 1 1 0
176.737 0.083826 0.083826 1 1 0
177.036 0.083826 0.083826 1 1 0
177.334 0.083826 0.083826 1 1 0
177.632 0.083826 0.083826 1 1 0
177.93 0.083826 0.083826 1 1 0
178.229 0.083826 0.083826 1 1 0
178.527 0.083826 0.083826 1 1 0
178.825 0.083826 0.083826 1 1 0
179.123 0.083826 0.083826 1 1 0
179.422 0.083826 0.083826 1 1 0
179.72 0.083826 0.083826 1 1 0
180.018 0.083826 0.083826 1 1 0
180.317 0.083826 0.083826 1 1 0
180.615 0.083826 0.083826 1 1 0
180.913 0.083826 0.083826 1 1 0
181.212 0.083826 0.083826 1 1 0
181.51 0.083826 0.083826 1 1 0
181.808 0.083826 0.083826 1 1 0
182.107 0.083826 0.083826 1 1 0
182.405 0.083826 0.083826 1 1 0
182.704 0.083826 0.083826 1 1 0
183.002 0.083826 0.083826 1 1 0
183.301 0.083826 0.083826 1 1 0
183.599 0.083826 0.083826 1 1 0
183.897 0.083826 0.083826 1 1 0
184.196 0.083826 0.083826 1 1 0
184.494 0.083826 0.083826 1 1 0
184.793 0.083826 0.083826 1 1 0
185.091 0.083826 0.083826 1 1 0
185.39 0.083826 0.083826 1 1 0
185.688 0.083826 0.083826 1 1 0
185.987 0.083826 0.083826 1 1 0
186.285 0.083826 0.083826 1 1 0
186.584 0.083826 0.083826 1 1 0
186.882 0.083826 0.083826 1 1 0
187.181 0.083826 0.083826 1 1 0
187.479 0.083826 0.083826 1 1 0
187.778 0.083826 0.083826 1 1 0
188.076 0.083826 0.083826 1 1 0
188.375 0.083826 0.083826 1 1 0
188.674 0.083826 0.083826 1 1 0
188.972 0.083826 0.083826 1 1 0
189.271 0.083826 0.083826 1 1 0
189.569 0.083826 0.083826 1 1 0
189.868 0.083826 0.083826 1 1 0
190.167 0.083826 0.083826 1 1 0
190.465 0.083826 0.083826 1 1 0
190.764 0.083826 0.083826 1 1 0
191.063 0.083826 0.083826 1 1 0
191.361 0.083826 0.083826 1 1 0
191.66 0.083826 0.083826 1 1 0
191.958 0.083826 0.083826 1 1 0
192.257 0.083826 0.083826 1 1 0
192.556 0.083826 0.083826 1 1 0
192.855 0.083826 0.083826 1 1 0
193.153 0.083826 0.083826 1 1 0
193.452 0.083826 0.083826 1 1 0
193.751 0.083826 0.083826 1 1 0
194.049 0.083826 0.083826 1 1 0
194.348 0.083826 0.083826 1 1 0
194.647 0.083826 0.083826 1 1 0
194.946 0.083826 0.083826 1 1 0
195.244 0.083826 0.083826 1 1 0
195.543 0.083826 0.083826 1 1 0
195.842 0.083826 0.083826 1 1 0
196.141 0.083826 0.083826 1 1 0
196.439 0.083826 0.083826 1 1 0
196.738 0.083826 0.083826 1 1 0
197.037 0.083826 0.083826 1 1 0
197.336 0.083826 0.083826 1 1 0
197.634 0.083826 0.083826 1 1 0
197.933 0.083826 0.083826 1 1 0
198.232 0.083826 0.083826 1 1 0
198.531 0.083826 0.083826 1 1 0
198.83 0.083826 0.083826 1 1 0
199.129 0.083826 0.083826 1 1 0
199.427 0.083826 0.083826 1 1 0
199.726 0.083826 0.083826 1 1 0
200.025 0.083826 0.083826 1 1 0
200.324 0.083826 0.083826 1 1 0
200.623 0.083826 0.083826 1 1 0
200.922 0.083826 0.083826 1 1 0
201.22 0.083826 0.083826 1 1 0
201.519 0.083826 0.083826 1 1 0
201.818 0.083826 0.083826 1 1 0
202.117 0.083826 0.083826 1 1 0
202.416 0.083826 0.083826 1 1 0
202.715 0.083826 0.083826 1 1 0
203.014 0.083826 0.083826 1 1 0
203.313 0.083826 0.083826 1 1 0
203.612 0.083826 0.083826 1 1 0
203.911 0.083826 0.083826 1 1 0
204.21 0.083826 0.083826 1 1 0
204.508 0.083826 0.083826 1 1 0
204.807 0.083826 0.083826 1 1 0
205.106 0.083826 0.083826 1 1 0
205.405 0.083826 0.083826 1 1 0
205.704 0.083826 0.083826 1 1 0
206.003 0.083826 0.083826 1 1 0
206.302 0.083826 0.083826 1 1 0
206.601 0.083826 0.083826 1 1 0
206.9 0.083826 0.083826 1 1 0
207.199 0.083826 0.083826 1 1 0
207.498 0.083826 0.083826 1 1 0
207.797 0.083826 0.083826 1 1 0
208.096 0.083826 0.083826 1 1 0
208.395 0.083826 0.083826 1 1 0
208.694 0.083826 0.083826 1 1 0
208.993 0.083826 0.083826 1 1 0
209.292 0.083826 0.083826 1 1 0
209.591 0.083826 0.083826 1 1 0
209.89 0.083826 0.083826 1 1 0
210.189 0.083826 0.083826 1 1 0
210.488 0.083826 0.083826 1 1 0
210.787 0.083826 0.083826 1 1 0
211.086 0.083826 0.083826 1 1 0
211.385 0.083826 0.083826 1 1 0
211.685 0.083826 0.083826 1 1 0
211.984 0.083826 0.083826 1 1 0
212.283 0.083826 0.083826 1 1 0
212.582 0.083826 0.083826 1 1 0
212.881 0.083826 0.083826 1 1 0
213.18 0.083826 0.083826 1 1 0
213.479 0.083826 0.083826 1 1 0
213.778 0.083826 0.083826 1 1 0
214.077 0.083826 0.083826 1 1 0
214.376 0.083826 0.083826 1 1 0
214.675 0.083826 0.083826 1 1 0
214.974 0.083826 0.083826 1 1 0
215.274 0.083826 0.083826 1 1 0
215.573 0.083826 0.083826 1 1 0
215.872 0.083826 0.083826 1 1 0
216.171 0.083826 0.083826 1 1 0
216.47 0.083826 0.083826 1 1 0
216.769 0.083826 0.083826 1 1 0
217.068 0.083826 0.083826 1 1 0
217.368 0.083826 0.083826 1 1 0
217.667 0.083826 0.083826 1 1 0
217.966 0.083826 0.083826 1 1 0
218.265 0.083826 0.083826 1 1 0
218.564 0.083826 0.083826 1 1 0
218.863 0.083826 0.083826 1 1 0
219.163 0.083826 0.083826 1 1 0
219.462 0.083826 0.083826 1 1 0
219.761 0.083826 0.083826 1 1 0
220.06 0.083826 0.083826 1 1 0
220.359 0.083826 0.083826 1 1 0
220.658 0.083826 0.083826 1 1 0
220.958 0.083826 0.083826 1 1 0
221.257 0.083826 0.083826 1 1 0
221.556 0.083826 0.083826 1 1 0
221.855 0.083826 0.083826 1 1 0
222.154 0.083826 0.083826 1 1 0
222.454 0.083826 0.083826 1 1 0
222.753 0.083826 0.083826 1 1 0
223.052 0.083826 0.083826 1 1 0
223.351 0.083826 0.083826 1 1 0
223.651 0.083826 0.083826 1 1 0
223.95 0.083826 0.083826 1 1 0
224.249 0.083826 0.083826 1 1 0
224.548 0.083826 0.083826 1 1 0
224.848 0.083826 0.083826 1 1 0
225.147 0.083826 0.083826 1 1 0
225.446 0.083826 0.083826 1 1 0
225.745 0.083826 0.083826 1 1 0
226.045 0.083826 0.083826 1 1 0
226.344 0.083826 0.083826 1 1 0
226.643 0.083826 0.083826 1 1 0
226.942 0.083826 0.083826 1 1 0
227.242 0.083826 0.083826 1 1 0
227.541 0.083826 0.083826 1 1 0
227.84 0.083826 0.083826 1 1 0
228.139 0.083826 0.083826 1 1 0
228.439 0.083826 0.083826 1 1 0
228.738 0.083826 0.083826 1 1 0
229.037 0.083826 0.083826 1 1 0
229.337 0.083826 0.083826 1 1 0
229.636 0.083826 0.083826 1 1 0
229.935 0.083826 0.083826 1 1 0
230.235 0.083826 0.083826 1 1 0
230.534 0.083826 0.083826 1 1 0
230.833 0.083826 0.083826 1 1 0
231.132 0.083826 0.083826 1 1 0
231.432 0.083826 0.083826 1 1 0
231.731 0.083826 0.083826 1 1 0
232.03 0.083826 0.083826 1 1 0
232.33 0.083826 0.083826 1 1 0
232.629 0.083826 0.083826 1 1 0
232.928 0.083826 0.083826 1 1 0
233.228 0.083826 0.083826 1 1 0
233.527 0.083826 0.083826 1 1 0
233.826 0.083826 0.083826 1 1 0
234.126 0.083826 0.083826 1 1 0
234.425 0.083826 0.083826 1 1 0
234.725 0.083826 0.083826 1 1 0
235.024 0.083826 0.083826 1 1 0
235.323 0.083826 0.083826 1 1 0
235.623 0.083826 0.083826 1 1 0
235.922 0.083826 0.083826 1 1 0
236.221 0.083826 0.083826 1 1 0
236.521 0.083826 0.083826 1 1 0
236.82 0.083826 0.083826 1 1 0
237.119 0.083826 0.083826 1 1 0
237.419 0.083826 0.083826 1 1 0
237.718 0.083826 0.083826 1 1 0
238.018 0.083826 0.083826 1 1 0
238.317 0.083826 0.083826 1 1 0
238.616 0.083826 0.083826 1 1 0
238.916 0.083826 0.083826 1 1 0
239.215 0.083826 0.083826 1 1 0
239.515 0.083826 0.083826 1 1 0
239.814 0.083826 0.083826 1 1 0
240.113 0.083826 0.083826 1 1 0
240.413 0.083826 0.083826 1 1 0
240.712 0.083826 0.083826 1 1 0
241.012 0.083826 0.083826 1 1 0
241.311 0.083826 0.083826 1 1 0
241.611 0.083826 0.083826 1 1 0
241.91 0.083826 0.083826 1 1 0
242.209 0.083826 0.083826 1 1 0
242.509 0.083826 0.083826 1 1 0
242.808 0.083826 0.083826 1 1 0
243.108 0.083826 0.083826 1 1 0
243.407 0.083826 0.083826 1 1 0
243.707 0.083826 0.083826 1 1 0
244.006 0.083826 0.083826 1 1 0
244.305 0.083826 0.083826 1 1 0
244.605 0.083826 0.083826 1 1 0
244.904 0.083826 0.083826 1 1 0
245.204 0.083826 0.083826 1 1 0
245.503 0.083826 0.083826 1 1 0
245.803 0.083826 0.083826 1 1 0
246.102 0.083826 0.083826 1 1 0
246.402 0.083826 0.083826 1 1 0
246.701 0.083826 0.083826 1 1 0
247.001 0.083826 0.083826 1 1 0
247.3 0.083826 0.083826 1 1 0
247.599 0.083826 0.083826 1 1 0
247.899 0.083826 0.083826 1 1 0
248.198 0.083826 0.083826 1 1 0
248.498 0.083826 0.083826 1 1 0
248.797 0.083826 0.083826 1 1 0
249.097 0.083826 0.083826 1 1 0
249.396 0.083826 0.083826 1 1 0
249.696 0.083826 0.083826 1 1 0
249.995 0.083826 0.083826 1 1 0
250.295 0.083826 0.083826 1 1 0
250.594 0.083826 0.083826 1 1 0
250.894 0.083826 0.083826 1 1 0
251.193 0.083826 0.083826 1 1 0
251.493 0.083826 0.083826 1 1 0
251.792 0.083826 0.083826 1 1 0
252.092 0.083826 0.083826 1 1 0
252.391 0.083826 0.083826 1 1 0
252.691 0.083826 0.083826 1 1 0
252.99 0.083826 0.083826 1 1 0
253.29 0.083826 0.083826 1 1 0
253.589 0.083826 0.083826 1 1 0
253.889 0.083826 0.083826 1 1 0
254.188 0.083826 0.083826 1 1 0
254.488 0.083826 0.083826 1 1 0
254.787 0.083826 0.083826 1 1 0
255.087 0.083826 0.083826 1 1 0
255.386 0.083826 0.083826 1 1 0
255.686 0.083826 0.083826 1 1 0
255.986 0.083826 0.083826 1 1 0
256.285 0.083826 0.083826 1 1 0
256.585 0.083826 0.083826 1 1 0
256.884 0.083826 0.083826 1 1 0
257.184 0.083826 0.083826 1 1 0
257.483 0.083826 0.083826 1 1 0
257.783 0.083826 0.083826 1 1 0
258.082 0.083826 0.083826 1 1 0
258.382 0.083826 0.083826 1 1 0
258.681 0.083826 0.083826 1 1 0
258.981 0.083826 0.083826 1 1 0
259.281 0.083826 0.083826 1 1 0
259.58 0.083826 0.083826 1 1 0
259.88 0.083826 0.083826 1 1 0
260.179 0.083826 0.083826 1 1 0
260.479 0.083826 0.083826 1 1 0
260.778 0.083826 0.083826 1 1 0
261.078 0.083826 0.083826 1 1 0
261.377 0.083826 0.083826 1 1 0
261.677 0.083826 0.083826 1 1 0
261.977 0.083826 0.083826 1 1 0
262.276 0.083826 0.083826 1 1 0
262.576 0.083826 0.083826 1 1 0
262.875 0.083826 0.083826 1 1 0
263.175 0.083826 0.083826 1 1 0
263.474 0.083826 0.083826 1 1 0
263.774 0.083826 0.083826 1 1 0
264.074 0.083826 0.083826 1 1 0
264.373 0.083826 0.083826 1 1 0
264.673 0.083826 0.083826 1 1 0
264.972 0.083826 0.083826 1 1 0
265.272 0.083826 0.083826 1 1 0
265.572 0.083826 0.083826 1 1 0
265.871 0.083826 0.083826 1 1 0
266.171 0.083826 0.083826 1 1 0
266.47 0.083826 0.083826 1 1 0
266.77 0.083826 0.083826 1 1 0
267.07 0.083826 0.083826 1 1 0
267.369 0.083826 0.083826 1 1 0
267.669 0.083826 0.083826 1 1 0
267.968 0.083826 0.083826 1 1 0
268.268 0.083826 0.083826 1 1 0
268.568 0.083826 0.083826 1 1 0
268.867 0.083826 0.083826 1 1 0
269.167 0.083826 0.083826 1 1 0
269.466 0.083826 0.083826 1 1 0
269.766 0.083826 0.083826 1 1 0
270.066 0.083826 0.083826 1 1 0
270.365 0.083826 0.083826 1 1 0
270.665 0.083826 0.083826 1 1 0
270.964 0.083826 0.083826 1 1 0
271.264 0.083826 0.083826 1 1 0
271.564 0.083826 0.083826 1 1 0
271.863 0.083826 0.083826 1 1 0
272.163 0.083826 0.083826 1 1 0
272.463 0.083826 0.083826 1 1 0
272.762 0.083826 0.083826 1 1 0
273.062 0.083826 0.083826 1 1 0
273.361 0.083826 0.083826 1 1 0
273.661 0.083826 0.083826 1 1 0
273.961 0.083826 0.083826 1 1 0
274.26 0.083826 0.083826 1 1 0
274.56 0.083826 0.083826 1 1 0
274.86 0.083826 0.083826 1 1 0
275.159 0.083826 0.083826 1 1 0
275.459 0.083826 0.083826 1 1 0
275.759 0.083826 0.083826 1 1 0
276.058 0.083826 0.083826 1 1 0
276.358 0.083826 0.083826 1 1 0
276.658 0.083826 0.083826 1 1 0
276.957 0.083826 0.083826 1 1 0
277.257 0.083826 0.083826 1 1 0
277.557 0.083826 0.083826 1 1 0
277.856 0.083826 0.083826 1 1 0
278.156 0.083826 0.083826 1 1 0
278.455 0.083826 0.083826 1 1 0
278.755 0.083826 0.083826 1 1 0
279.055 0.083826 0.083826 1 1 0
279.354 0.083826 0.083826 1 1 0
279.654 0.083826 0.083826 1 1 0
279.954 0.083826 0.083826 1 1 0
280.253 0.083826 0.083826 1 1 0
280.553 0.083826 0.083826 1 1 0
280.853 0.083826 0.083826 1 1 0
281.152 0.083826 0.083826 1 1 0
281.452 0.083826 0.083826 1 1 0
281.752 0.083826 0.083826 1 1 0
282.051 0.083826 0.083826 1 1 0
282.351 0.083826 0.083826 1 1 0
282.651 0.083826 0.083826 1 1 0
282.95 0.083826 0.083826 1 1 0
283.25 0.083826 0.083826 1 1 0
283.55 0.083826 0.083826 1 1 0
283.85 0.083826 0.083826 1 1 0
284.149 0.083826 0.083826 1 1 0
284.449 0.083826 0.083826 1 1 0
284.749 0.083826 0.083826 1 1 0
285.048 0.083826 0.083826 1 1 0
285.348 0.083826 0.083826 1 1 0
285.648 0.083826 0.083826 1 1 0
285.947 0.083826 0.083826 1 1 0
286.247 0.083826 0.083826 1 1 0
286.547 0.083826 0.083826 1 1 0
286.846 0.083826 0.083826 1 1 0
287.146 0.083826 0.083826 1 1 0
287.446 0.083826 0.083826 1 1 0
287.745 0.083826 0.083826 1 1 0
288.045 0.083826 0.083826 1 1 0
288.345 0.083826 0.083826 1 1 0
288.645 0.083826 0.083826 1 1 0
288.944 0.083826 0.083826 1 1 0
289.244 0.083826 0.083826 1 1 0
289.544 0.083826 0.083826 1 1 0
289.843 0.083826 0.083826 1 1 0
290.143 0.083826 0.083826 1 1 0
290.443 0.083826 0.083826 1 1 0
290.743 0.083826 0.083826 1 1 0
291.042 0.083826 0.083826 1 1 0
291.342 0.083826 0.083826 1 1 0
291.642 0.083826 0.083826 1 1 0
291.941 0.083826 0.083826 1 1 0
292.241 0.083826 0.083826 1 1 0
292.541 0.083826 0.083826 1 1 0
292.841 0.083826 0.083826 1 1 0
293.14 0.083826 0.083826 1 1 0
293.44 0.083826 0.083826 1 1 0
293.74 0.083826 0.083826 1 1 0
294.039 0.083826 0.083826 1 1 0
294.339 0.083826 0.083826 1 1 0
294.639 0.083826 0.083826 1 1 0
294.939 0.083826 0.083826 1 1 0
295.238 0.083826 0.083826 1 1 0
295.538 0.083826 0.083826 1 1 0
295.838 0.083826 0.083826 1 1 0
296.137 0.083826 0.083826 1 1 0
296.437 0.083826 0.083826 1 1 0
296.737 0.083826 0.083826 1 1 0
297.037 0.083826 0.083826 1 1 0
297.336 0.083826 0.083826 1 1 0
297.636 0.083826 0.083826 1 1 0
297.936 0.083826 0.083826 1 1 0
298.236 0.083826 0.083826 1 1 0
298.535 0.083826 0.083826 1 1 0
298.835 0.083826 0.083826 1 1 0
299.135 0.083826 0.083826 1 1 0
299.435 0.083826 0.083826 1 1 0
299.734 0.083826 0.083826 1 1 0
300.034 0.083826 0.083826 1 1 0
300.334 0.083826 0.083826 1 1 0
300.633 0.083826 0.083826 1 1 0
300.933 0.083826 0.083826 1 1 0
301.233 0.083826 0.083826 1 1 0
301.533 0.083826 0.083826 1 1 0
301.832 0.083826 0.083826 1 1 0
302.132 0.083826 0.083826 1 1 0
302.432 0.083826 0.083826 1 1 0
302.732 0.083826 0.083826 1 1 0
303.031 0.083826 0.083826 1 1 0
303.331 0.083826 0.083826 1 1 0
303.631 0.083826 0.083826 1 1 0
303.931 0.083826 0.083826 1 1 0
304.23 0.083826 0.083826 1 1 0
304.53 0.083826 0.083826 1 1 0
304.83 0.083826 0.083826 1 1 0
305.13 0.083826 0.083826 1 1 0
305.429 0.083826 0.083826 1 1 0
305.729 0.083826 0.083826 1 1 0
306.029 0.083826 0.083826 1 1 0
306.329 0.083826 0.083826 1 1 0
306.629 0.083826 0.083826 1 1 0
306.928 0.083826 0.083826 1 1 0
307.228 0.083826 0.083826 1 1 0
307.528 0.083826 0.083826 1 1 0
307.828 0.083826 0.083826 1 1 0
308.127 0.083826 0.083826 1 1 0
308.427 0.083826 0.083826 1 1 0
308.727 0.083826 0.083826 1 1 0
309.027 0.083826 0.083826 1 1 0
309.326 0.083826 0.083826 1 1 0
309.626 0.083826 0.083826 1 1 0
309.926 0.083826 0.083826 1 1 0
310.226 0.083826 0.083826 1 1 0
310.525 0.083826 0.083826 1 1 0
310.825 0.083826 0.083826 1 1 0
311.125 0.083826 0.083826 1 1 0
311.425 0.083826 0.083826 1 1 0
311.725 0.083826 0.083826 1 1 0
312.024 0.083826 0.083826 1 1 0
312.324 0.083826 0.083826 1 1 0
312.624 0.083826 0.083826 1 1 0
312.924 0.083826 0.083826 1 1 0
313.223 0.083826 0.083826 1 1 0
313.523 0.083826 0.083826 1 1 0
313.823 0.083826 0.083826 1 1 0
314.123 0.083826 0.083826 1 1 0
314.423 0.083826 0.083826 1 1 0
314.722 0.083826 0.083826 1 1 0
315.022 0.083826 0.083826 1 1 0
315.322 0.083826 0.083826 1 1 0
315.622 0.083826 0.083826 1 1 0
315.922 0.083826 0.083826 1 1 0
316.221 0.083826 0.083826 1 1 0
316.521 0.083826 0.083826 1 1 0
316.821 0.083826 0.083826 1 1 0
317.121 0.083826 0.083826 1 1 0
317.42 0.083826 0.083826 1 1 0
317.72 0.083826 0.083826 1 1 0
318.02 0.083826 0.083826 1 1 0
318.32 0.083826 0.083826 1 1 0
318.62 0.083826 0.083826 1 1 0
318.919 0.083826 0.083826 1 1 0
319.219 0.083826 0.083826 1 1 0
319.519 0.083826 0.083826 1 1 0
319.819 0.083826 0.083826 1 1 0
320.119 0.083826 0.083826 1 1 0
320.418 0.083826 0.083826 1 1 0
320.718 0.083826 0.083826 1 1 0
321.018 0.083826 0.083826 1 1 0
321.318 0.083826 0.083826 1 1 0
321.618 0.083826 0.083826 1 1 0
321.917 0.083826 0.083826 1 1 0
322.217 0.083826 0.083826 1 1 0
322.517 0.083826 0.083826 1 1 0
322.817 0.083826 0.083826 1 1 0
323.117 0.083826 0.083826 1 1 0
323.416 0.083826 0.083826 1 1 0
323.716 0.083826 0.083826 1 1 0
324.016 0.083826 0.083826 1 1 0
324.316 0.083826 0.083826 1 1 0
324.616 0.083826 0.083826 1 1 0
324.915 0.083826 0.083826 1 1 0
325.215 0.083826 0.083826 1 1 0
325.515 0.083826 0.083826 1 1 0
325.815 0.083826 0.083826 1 1 0
326.115 0.083826 0.083826 1 1 0
326.414 0.083826 0.083826 1 1 0
326.714 0.083826 0.083826 1 1 0
327.014 0.083826 0.083826 1 1 0
327.314 0.083826 0.083826 1 1 0
327.614 0.083826 0.083826 1 1 0
327.914 0.083826 0.083826 1 1 0
328.213 0.083826 0.083826 1 1 0
328.513 0.083826 0.083826 1 1 0
328.813 0.083826 0.083826 1 1 0
329.113 0.083826 0.083826 1 1 0
329.413 0.083826 0.083826 1 1 0
329.712 0.083826 0.083826 1 1 0
330.012 0.083826 0.083826 1 1 0
330.312 0.083826 0.083826 1 1 0
330.612 0.083826 0.083826 1 1 0
330.912 0.083826 0.083826 1 1 0
331.212 0.083826 0.083826 1 1 0
331.511 0.083826 0.083826 1 1 0
331.811 0.083826 0.083826 1 1 0
332.111 0.083826 0.083826 1 1 0
332.411 0.083826 0.083826 1 1 0
332.711 0.083826 0.083826 1 1 0
333.01 0.083826 0.083826 1 1 0
333.31 0.083826 0.083826 1 1 0
333.61 0.083826 0.083826 1 1 0
333.91 0.083826 0.083826 1 1 0
334.21 0.083826 0.083826 1 1 0
334.51 0.083826 0.083826 1 1 0
334.809 0.083826 0.083826 1 1 0
335.109 0.083826 0.083826 1 1 0
335.409 0.083826 0.083826 1 1 0
335.709 0.083826 0.083826 1 1 0
336.009 0.083826 0.083826 1 1 0
336.309 0.083826 0.083826 1 1 0
336.608 0.083826 0.083826 1 1 0
336.908 0.083826 0.083826 1 1 0
337.208 0.083826 0.083826 1 1 0
337.508 0.083826 0.083826 1 1 0
337.808 0.083826 0.083826 1 1 0
338.108 0.083826 0.083826 1 1 0
338.407 0.083826 0.083826 1 1 0
338.707 0.083826 0.083826 1 1 0
339.007 0.083826 0.083826 1 1 0
339.307 0.083826 0.083826 1 1 0
339.607 0.083826 0.083826 1 1 0
339.907 0.083826 0.083826 1 1 0
340.206 0.083826 0.083826 1 1 0
340.506 0.083826 0.083826 1 1 0
340.806 0.083826 0.083826 1 1 0
341.106 0.083826 0.083826 1 1 0
341.406 0.083826 0.083826 1 1 0
341.706 0.083826 0.083826 1 1 0
342.005 0.083826 0.083826 1 1 0
342.305 0.083826 0.083826 1 1 0
342.605 0.083826 0.083826 1 1 0
342.905 0.083826 0.083826 1 1 0
343.205 0.083826 0.083826 1 1 0
343.505 0.083826 0.083826 1 1 0
343.805 0.083826 0.083826 1 1 0
344.104 0.083826 0.083826 1 1 0
344.404 0.083826 0.083826 1 1 0
344.704 0.083826 0.083826 1 1 0
345.004 0.083826 0.083826 1 1 0
345.304 0.083826 0.083826 1 1 0
345.604 0.083826 0.083826 1 1 0
345.903 0.083826 0.083826 1 1 0
346.203 0.083826 0.083826 1 1 0
346.503 0.083826 0.083826 1 1 0
346.803 0.083826 0.083826 1 1 0
347.103 0.083826 0.083826 1 1 0
347.403 0.083826 0.083826 1 1 0
347.703 0.083826 0.083826 1 1 0
348.002 0.083826 0.083826 1 1 0
348.302 0.083826 0.083826 1 1 0
348.602 0.083826 0.083826 1 1 0
348.902 0.083826 0.083826 1 1 0
349.202 0.083826 0.083826 1 1 0
349.502 0.083826 0.083826 1 1 0
349.802 0.083826 0.083826 1 1 0
350.101 0.083826 0.083826 1 1 0
350.401 0.083826 0.083826 1 1 0
350.701 0.083826 0.083826 1 1 0
351.001 0.083826 0.083826 1 1 0
351.301 0.083826 0.083826 1 1 0
351.601 0.083826 0.083826 1 1 0
351.901 0.083826 0.083826 1 1 0
352.2 0.083826 0.083826 1 1 0
352.5 0.083826 0.083826 1 1 0
352.8 0.083826 0.083826 1 1 0
353.1 0.083826 0.083826 1 1 0
353.4 0.083826 0.083826 1 1 0
353.7 0.083826 0.083826 1 1 0
354 0.083826 0.083826 1 1 0
354.299 0.083826 0.083826 1 1 0
354.599 0.083826 0.083826 1 1 0
354.899 0.083826 0.083826 1 1 0
355.199 0.083826 0.083826 1 1 0
355.499 0.083826 0.083826 1 1 0
355.799 0.083826 0.083826 1 1 0
356.099 0.083826 0.083826 1 1 0
356.398 0.083826 0.083826 1 1 0
356.698 0.083826 0.083826 1 1 0
356.998 0.083826 0.083826 1 1 0
357.298 0.083826 0.083826 1 1 0
357.598 0.083826 0.083826 1 1 0
357.898 0.083826 0.083826 1 1 0
358.198 0.083826 0.083826 1 1 0
358.498 0.083826 0.083826 1 1 0
358.797 0.083826 0.083826 1 1 0
359.097 0.083826 0.083826 1 1 0
359.397 0.083826 0.083826 1 1 0
359.697 0.083826 0.083826 1 1 0
359.997 0.083826 0.083826 1 1 0
360.297 0.083826 0.083826 1 1 0
360.597 0.083826 0.083826 1 1 0
360.896 0.083826 0.083826 1 1 0
361.196 0.083826 0.083826 1 1 0
361.496 0.083826 0.083826 1 1 0
361.796 0.083826 0.083826 1 1 0
362.096 0.083826 0.083826 1 1 0
362.396 0.083826 0.083826 1 1 0
362.696 0.083826 0.083826 1 1 0
362.996 0.083826 0.083826 1 1 0
363.295 0.083826 0.083826 1 1 0
363.595 0.083826 0.083826 1 1 0
363.895 0.083826 0.083826 1 1 0
364.195 0.083826 0.083826 1 1 0
364.495 0.083826 0.083826 1 1 0
364.795 0.083826 0.083826 1 1 0
365.095 0.083826 0.083826 1 1 0
365.395 0.083826 0.083826 1 1 0
365.694 0.083826 0.083826 1 1 0
365.994 0.083826 0.083826 1 1 0
366.294 0.083826 0.083826 1 1 0
366.594 0.083826 0.083826 1 1 0
366.894 0.083826 0.083826 1 1 0
367.194 0.083826 0.083826 1 1 0
367.494 0.083826 0.083826 1 1 0
367.794 0.083826 0.083826 1 1 0
368.093 0.083826 0.083826 1 1 0
368.393 0.083826 0.083826 1 1 0
368.693 0.083826 0.083826 1 1 0
368.993 0.083826 0.083826 1 1 0
369.293 0.083826 0.083826 1 1 0
369.593 0.083826 0.083826 1 1 0
369.893 0.083826 0.083826 1 1 0
370.193 0.083826 0.083826 1 1 0
370.493 0.083826 0.083826 1 1 0
370.792 0.083826 0.083826 1 1 0
371.092 0.083826 0.083826 1 1 0
371.392 0.083826 0.083826 1 1 0
371.692 0.083826 0.083826 1 1 0
371.992 0.083826 0.083826 1 1 0
372.292 0.083826 0.083826 1 1 0
372.592 0.083826 0.083826 1 1 0
372.892 0.083826 0.083826 1 1 0
373.191 0.083826 0.083826 1 1 0
373.491 0.083826 0.083826 1 1 0
373.791 0.083826 0.083826 1 1 0
374.091 0.083826 0.083826 1 1 0
374.391 0.083826 0.083826 1 1 0
374.691 0.083826 0.083826 1 1 0
374.991 0.083826 0.083826 1 1 0
375.291 0.083826 0.083826 1 1 0
375.591 0.083826 0.083826 1 1 0
375.89 0.083826 0.083826 1 1 0
376.19 0.083826 0.083826 1 1 0
376.49 0.083826 0.083826 1 1 0
376.79 0.083826 0.083826 1 1 0
377.09 0.083826 0.083826 1 1 0
377.39 0.083826 0.083826 1 1 0
377.69 0.083826 0.083826 1 1 0
377.99 0.083826 0.083826 1 1 0
378.29 0.083826 0.083826 1 1 0
378.589 0.083826 0.083826 1 1 0
378.889 0.083826 0.083826 1 1 0
379.189 0.083826 0.083826 1 1 0
379.489 0.083826 0.083826 1 1 0
379.789 0.083826 0.083826 1 1 0
380.089 0.083826 0.083826 1 1 0
380.389 0.083826 0.083826 1 1 0
380.689 0.083826 0.083826 1 1 0
380.989 0.083826 0.083826 1 1 0
381.289 0.083826 0.083826 1 1 0
381.588 0.083826 0.083826 1 1 0
381.888 0.083826 0.083826 1 1 0
382.188 0.083826 0.083826 1 1 0
382.488 0.083826 0.083826 1 1 0
382.788 0.083826 0.083826 1 1 0
383.088 0.083826 0.083826 1 1 0
383.388 0.083826 0.083826 1 1 0
383.688 0.083826 0.083826 1 1 0
383.988 0.083826 0.083826 1 1 0
384.287 0.083826 0.083826 1 1 0
384.587 0.083826 0.083826 1 1 0
384.887 0.083826 0.083826 1 1 0
385.187 0.083826 0.083826 1 1 0
385.487 0.083826 0.083826 1 1 0
385.787 0.083826 0.083826 1 1 0
386.087 0.083826 0.083826 1 1 0
386.387 0.083826 0.083826 1 1 0
386.687 0.083826 0.083826 1 1 0
386.987 0.083826 0.083826 1 1 0
387.286 0.083826 0.083826 1 1 0
387.586 0.083826 0.083826 1 1 0
387.886 0.083826 0.083826 1 1 0
388.186 0.083826 0.083826 1 1 0
388.486 0.083826 0.083826 1 1 0
388.786 0.083826 0.083826 1 1 0
389.086 0.083826 0.083826 1 1 0
389.386 0.083826 0.083826 1 1 0
389.686 0.083826 0.083826 1 1 0
389.986 0.083826 0.083826 1 1 0
390.286 0.083826 0.083826 1 1 0
390.585 0.083826 0.083826 1 1 0
390.885 0.083826 0.083826 1 1 0
391.185 0.083826 0.083826 1 1 0
391.485 0.083826 0.083826 1 1 0
391.785 0.083826 0.083826 1 1 0
392.085 0.083826 0.083826 1 1 0
392.385 0.083826 0.083826 1 1 0
392.685 0.083826 0.083826 1 1 0
392.985 0.083826 0.083826 1 1 0
393.285 0.083826 0.083826 1 1 0
393.584 0.083826 0.083826 1 1 0
393.884 0.083826 0.083826 1 1 0
394.184 0.083826 0.083826 1 1 0
394.484 0.083826 0.083826 1 1 0
394.784 0.083826 0.083826 1 1 0
395.084 0.083826 0.083826 1 1 0
395.384 0.083826 0.083826 1 1 0
395.684 0.083826 0.083826 1 1 0
395.984 0.083826 0.083826 1 1 0
396.284 0.083826 0.083826 1 1 0
396.584 0.083826 0.083826 1 1 0
396.883 0.083826 0.083826 1 1 0
397.183 0.083826 0.083826 1 1 0
397.483 0.083826 0.083826 1 1 0
397.783 0.083826 0.083826 1 1 0
398.083 0.083826 0.083826 1 1 0
398.383 0.083826 0.083826 1 1 0
398.683 0.083826 0.083826 1 1 0
398.983 0.083826 0.083826 1 1 0
399.283 0.083826 0.083826 1 1 0
399.583 0.083826 0.083826 1 1 0
399.883 0.083826 0.083826 1 1 0
400.182 0.083826 0.083826 1 1 0
0.803346 0.408657 0.408657 4 8 0
0.803272 0.408644 0.408644 3 8 0
0.803045 0.408602 0.408602 3 8 0
0.802623 0.408524 0.408524 3 8 0
0.802007 0.40841 0.40841 3 8 0
0.801195 0.408261 0.408261 3 8 0
0.800189 0.408077 0.408077 3 8 0
0.798988 0.407857 0.407857 3 8 0
0.797591 0.407603 0.407603 3 8 0
0.796 0.407315 0.407315 3 8 0
0.794214 0.406993 0.406993 3 8 0
0.792232 0.406637 0.406637 3 8 0
0.790056 0.406248 0.406248 3 8 0
0.787684 0.405826 0.405826 3 8 0
0.785119 0.405372 0.405372 3 8 0
0.78236 0.404886 0.404886 3 8 0
0.779408 0.404368 0.404368 3 8 0
0.776264 0.403819 0.403819 3 8 0
0.77293 0.403238 0.403238 3 8 0
0.769407 0.402626 0.402626 3 8 0
0.765697 0.401983 0.401983 3 8 0
0.761803 0.401308 0.401308 3 8 0
0.757728 0.400602 0.400602 3 8 0
0.753474 0.399864 0.399864 3 8 0
0.749045 0.399095 0.399095 3 8 0
0.744445 0.398294 0.398294 3 8 0
0.739679 0.397461 0.397461 3 8 0
0.734751 0.396597 0.396597 3 8 0
0.729667 0.3957 0.3957 3 8 0
0.724431 0.39477 0.39477 3 8 0
0.71905 0.393809 0.393809 3 8 0
0.713529 0.392815 0.392815 3 8 0
0.707873 0.391788 0.391788 3 8 0
0.702091 0.39073 0.39073 3 8 0
0.696186 0.389639 0.389639 3 8 0
0.690166 0.388517 0.388517 3 8 0
0.684037 0.387364 0.387364 3 8 0
0.677805 0.386179 0.386179 3 8 0
0.671477 0.384964 0.384964 3 8 0
0.665057 0.383719 0.383719 3 8 0
0.658553 0.382445 0.382445 3 8 0
0.651969 0.381142 0.381142 3 8 0
0.645313 0.379811 0.379811 3 8 0
0.638589 0.378452 0.378452 3 8 0
0.631802 0.377067 0.377067 3 8 0
0.624959 0.375656 0.375656 3 8 0
0.618064 0.374219 0.374219 3 8 0
0.611122 0.372758 0.372758 3 8 0
0.604138 0.371274 0.371274 3 8 0
0.597118 0.369767 0.369767 3 8 0
0.590065 0.368238 0.368238 3 8 0
0.582984 0.366687 0.366687 3 8 0
0.575879 0.365116 0.365116 3 8 0
0.568756 0.363526 0.363526 3 8 0
0.561617 0.361916 0.361916 3 8 0
0.554468 0.360288 0.360288 3 8 0
0.547312 0.358642 0.358642 3 8 0
0.540153 0.356979 0.356979 3 8 0
0.532995 0.3553 0.3553 3 8 0
0.525842 0.353605 0.353605 3 8 0
0.518696 0.351895 0.351895 3 8 0
0.511563 0.350171 0.350171 3 8 0
0.504445 0.348432 0.348432 3 8 0
0.497346 0.34668 0.34668 3 8 0
0.490269 0.344915 0.344915 3 8 0
0.483218 0.343138 0.343138 3 8 0
0.476195 0.341348 0.341348 3 8 0
0.469203 0.339547 0.339547 3 8 0
0.462246 0.337734 0.337734 3 8 0
0.455327 0.335911 0.335911 3 8 0
0.448447 0.334077 0.334077 3 8 0
0.441611 0.332233 0.332233 3 8 0
0.43482 0.33038 0.33038 3 8 0
0.428078 0.328516 0.328516 3 8 0
0.421385 0.326644 0.326644 3 8 0
0.414746 0.324763 0.324763 3 8 0
0.408161 0.322872 0.322872 3 8 0
0.401633 0.320974 0.320974 3 8 0
0.395165 0.319067 0.319067 3 8 0
0.388757 0.317153 0.317153 3 8 0
0.382412 0.31523 0.31523 3 8 0
0.376131 0.3133 0.3133 3 8 0
0.369916 0.311363 0.311363 3 8 0
0.363769 0.309418 0.309418 3 8 0
0.357689 0.307467 0.307467 3 8 0
0.35168 0.305508 0.305508 3 8 0
0.345742 0.303542 0.303542 3 8 0
0.339875 0.30157 0.30157 3 8 0
0.334081 0.299592 0.299592 3 8 0
0.328361 0.297607 0.297607 3 8 0
0.322715 0.295616 0.295616 3 8 0
0.317144 0.293618 0.293618 3 8 0
0.311648 0.291615 0.291615 3 8 0
0.306228 0.289605 0.289605 3 8 0
0.300884 0.28759 0.28759 3 8 0
0.295617 0.285569 0.285569 3 8 0
0.290426 0.283542 0.283542 3 8 0
0.285312 0.28151 0.28151 3 8 0
0.280275 0.279473 0.279473 3 8 0
0.275314 0.27743 0.27743 3 8 0
0.27043 0.275382 0.275382 3 8 0
0.265623 0.273328 0.273328 3 8 0
0.260891 0.27127 0.27127 3 8 0
0.256236 0.269207 0.269207 3 8 0
0.251657 0.267139 0.267139 3 8 0
0.247152 0.265067 0.265067 3 8 0
0.242723 0.26299 0.26299 3 8 0
0.238368 0.260909 0.260909 3 8 0
0.234087 0.258823 0.258823 3 8 0
0.22988 0.256734 0.256734 3 8 0
0.225745 0.25464 0.25464 3 8 0
0.221683 0.252543 0.252543 3 8 0
0.217692 0.250443 0.250443 3 8 0
0.213773 0.248339 0.248339 3 8 0
0.209924 0.246232 0.246232 3 8 0
0.206145 0.244122 0.244122 3 8 0
0.202435 0.24201 0.24201 3 8 0
0.198794 0.239895 0.239895 3 8 0
0.19522 0.237778 0.237778 3 8 0
0.191714 0.235659 0.235659 3 8 0
0.188273 0.233538 0.233538 3 8 0
0.184898 0.231415 0.231415 3 8 0
0.181588 0.229292 0.229292 3 8 0
0.178342 0.227168 0.227168 3 8 0
0.175159 0.225043 0.225043 3 8 0
0.172038 0.222918 0.222918 3 8 0
0.16898 0.220792 0.220792 3 8 0
0.165982 0.218668 0.218668 3 8 0
0.163044 0.216544 0.216544 3 8 0
0.160166 0.214421 0.214421 3 8 0
0.157347 0.212299 0.212299 3 8 0
0.154585 0.21018 0.21018 3 8 0
0.15188 0.208062 0.208062 3 8 0
0.149232 0.205947 0.205947 3 8 0
0.146639 0.203835 0.203835 3 8 0
0.144101 0.201727 0.201727 3 8 0
0.141617 0.199622 0.199622 3 8 0
0.139186 0.197521 0.197521 3 8 0
0.136807 0.195425 0.195425 3 8 0
0.134481 0.193333 0.193333 3 8 0
0.132205 0.191248 0.191248 3 8 0
0.129979 0.189168 0.189168 3 8 0
0.127803 0.187094 0.187094 3 8 0
0.125675 0.185027 0.185027 3 8 0
0.123595 0.182967 0.182967 3 8 0
0.121562 0.180915 0.180915 3 8 0
0.119576 0.17887 0.17887 3 8 0
0.117635 0.176834 0.176834 3 8 0
0.115739 0.174807 0.174807 3 8 0
0.113888 0.172789 0.172789 3 8 0
0.112079 0.170781 0.170781 3 8 0
0.110314 0.168783 0.168783 3 8 0
0.10859 0.166795 0.166795 3 8 0
0.106907 0.164818 0.164818 3 8 0
0.105264 0.162852 0.162852 3 8 0
0.103662 0.160898 0.160898 3 8 0
0.102098 0.158955 0.158955 3 8 0
0.100572 0.157025 0.157025 3 8 0
0.099084 0.155107 0.155107 3 8 0
0.0976324 0.153203 0.153203 3 8 0
0.0962169 0.151311 0.151311 3 8 0
0.0948365 0.149433 0.149433 3 8 0
0.0934907 0.147569 0.147569 3 8 0
0.0921786 0.145718 0.145718 3 8 0
0.0908997 0.143882 0.143882 3 8 0
0.0896531 0.14206 0.14206 3 8 0
0.0884381 0.140252 0.140252 3 8 0
0.0872541 0.13846 0.13846 3 8 0
0.0861004 0.136682 0.136682 3 8 0
0.0849762 0.134919 0.134919 3 8 0
0.083881 0.133172 0.133172 3 8 0
0.0828139 0.13144 0.13144 3 8 0
0.0817744 0.129723 0.129723 3 8 0
0.0807618 0.128021 0.128021 3 8 0
0.0797754 0.126335 0.126335 3 8 0
0.0788147 0.124665 0.124665 3 8 0
0.0778789 0.12301 0.12301 3 8 0
0.0769675 0.121371 0.121371 3 8 0
0.0760798 0.119748 0.119748 3 8 0
0.0752153 0.11814 0.11814 3 8 0
0.0743733 0.116547 0.116547 3 8 0
0.0735533 0.11497 0.11497 3 8 0
0.0727547 0.113409 0.113409 3 8 0
0.071977 0.111863 0.111863 3 8 0
0.0712196 0.110332 0.110332 3 8 0
0.0704819 0.108816 0.108816 3 8 0
0.0697636 0.107316 0.107316 3 8 0
0.069064 0.105831 0.105831 3 8 0
0.0683827 0.104361 0.104361 3 8 0
0.0677191 0.102905 0.102905 3 8 0
0.0670729 0.101464 0.101464 3 8 0
0.0664435 0.100038 0.100038 3 8 0
0.0658305 0.0986265 0.0986265 3 8 0
0.0652335 0.0972291 0.0972291 3 8 0
0.0646521 0.095846 0.095846 3 8 0
0.0640858 0.0944769 0.0944769 3 8 0
0.0635342 0.0931218 0.0931218 3 8 0
0.062997 0.0917804 0.0917804 3 8 0
0.0624737 0.0904526 0.0904526 3 8 0
0.061964 0.0891383 0.0891383 3 8 0
0.0614676 0.0878373 0.0878373 3 8 0
0.0609841 0.0865495 0.0865495 3 8 0
0.0605132 0.0852746 0.0852746 3 8 0
0.0600545 0.0840127 0.0840127 3 8 0
0.0596077 0.0827634 0.0827634 3 8 0
0.0591726 0.0815267 0.0815267 3 8 0
0.0587488 0.0803023 0.0803023 3 8 0
0.058336 0.0790902 0.0790902 3 8 0
0.057934 0.0778902 0.0778902 3 8 0
0.0575425 0.0767022 0.0767022 3 8 0
0.0571613 0.0755259 0.0755259 3 8 0
0.05679 0.0743613 0.0743613 3 8 0
0.0564285 0.0732082 0.0732082 3 8 0
0.0560765 0.0720664 0.0720664 3 8 0
0.0557338 0.0709359 0.0709359 3 8 0
0.0554001 0.0698165 0.0698165 3 8 0
0.0550753 0.0687081 0.0687081 3 8 0
0.0547591 0.0676104 0.0676104 3 8 0
0.0544514 0.0665235 0.0665235 3 8 0
0.0541519 0.0654472 0.0654472 3 8 0
0.0538605 0.0643813 0.0643813 3 8 0
0.053577 0.0633258 0.0633258 3 8 0
0.0533012 0.0622805 0.0622805 3 8 0
0.0530329 0.0612454 0.0612454 3 8 0
0.0527721 0.0602202 0.0602202 3 8 0
0.0525184 0.059205 0.059205 3 8 0
0.0522718 0.0581996 0.0581996 3 8 0
0.0520321 0.057204 0.057204 3 8 0
0.0517992 0.056218 0.056218 3 8 0
0.051573 0.0552416 0.0552416 3 8 0
0.0513532 0.0542746 0.0542746 3 8 0
0.0511398 0.0533171 0.0533171 3 8 0
0.0509327 0.0523689 0.0523689 3 8 0
0.0507317 0.0514299 0.0514299 3 8 0
0.0505366 0.0505002 0.0505002 3 8 0
0.0503475 0.0495796 0.0495796 3 8 0
0.0501641 0.0486681 0.0486681 3 8 0
0.0499863 0.0477656 0.0477656 3 8 0
0.0498141 0.0468721 0.0468721 3 8 0
0.0496473 0.0459876 0.0459876 3 8 0
0.0494859 0.0451119 0.0451119 3 8 0
0.0493297 0.0442452 0.0442452 3 8 0
0.0491786 0.0433872 0.0433872 3 8 0
0.0490325 0.0425381 0.0425381 3 8 0
0.0488914 0.0416978 0.0416978 3 8 0
0.0487551 0.0408662 0.0408662 3 8 0
0.0486235 0.0400434 0.0400434 3 8 0
0.0484966 0.0392293 0.0392293 3 8 0
0.0483743 0.0384239 0.0384239 3 8 0
0.0482564 0.0376272 0.0376272 3 8 0
0.0481429 0.0368392 0.0368392 3 8 0
0.0480337 0.0360599 0.0360599 3 8 0
0.0479288 0.0352892 0.0352892 3 8 0
0.0478279 0.0345272 0.0345272 3 8 0
0.0477311 0.0337739 0.0337739 3 8 0
0.0476382 0.0330293 0.0330293 3 8 0
0.0475493 0.0322934 0.0322934 3 8 0
0.0474641 0.0315661 0.0315661 3 8 0
0.0473827 0.0308475 0.0308475 3 8 0
0.0473049 0.0301376 0.0301376 3 8 0
0.0472306 0.0294363 0.0294363 3 8 0
0.0471599 0.0287437 0.0287437 3 8 0
0.0470926 0.0280599 0.0280599 3 8 0
0.0470286 0.0273847 0.0273847 3 8 0
0.0469679 0.0267182 0.0267182 3 8 0
0.0469104 0.0260604 0.0260604 3 8 0
0.046856 0.0254114 0.0254114 3 8 0
0.0468047 0.024771 0.024771 3 8 0
0.0467564 0.0241394 0.0241394 3 8 0
0.0467111 0.0235164 0.0235164 3 8 0
0.0466686 0.0229022 0.0229022 3 8 0
0.0466289 0.0222967 0.0222967 3 8 0
0.0465919 0.0217 0.0217 3 8 0
0.0465576 0.0211119 0.0211119 3 8 0
0.0465259 0.0205326 0.0205326 3 8 0
0.0464968 0.0199621 0.0199621 3 8 0
0.0464701 0.0194003 0.0194003 3 8 0
0.0464458 0.0188472 0.0188472 3 8 0
0.0464239 0.0183029 0.0183029 3 8 0
0.0464042 0.0177673 0.0177673 3 8 0
0.0463867 0.0172405 0.0172405 3 8 0
0.0463713 0.0167224 0.0167224 3 8 0
0.0463578 0.0162131 0.0162131 3 8 0
0.0463463 0.0157126 0.0157126 3 8 0
0.0463365 0.0152208 0.0152208 3 8 0
0.0463284 0.0147377 0.0147377 3 8 0
0.0463218 0.0142634 0.0142634 3 8 0
0.0463166 0.0137979 0.0137979 3 8 0
0.0463125 0.013341 0.013341 3 8 0
0.0463095 0.0128927 0.0128927 3 8 0
0.0463074 0.0124531 0.0124531 3 8 0
0.0463059 0.0120219 0.0120219 3 8 0
0.0463049 0.0115992 0.0115992 3 8 0
0.0463043 0.0111848 0.0111848 3 8 0
0.046304 0.0107787 0.0107787 3 8 0
0.0463038 0.0103807 0.0103807 3 8 0
0.0463037 0.00999067 0.00999067 3 8 0
0.0463037 0.00960862 0.00960862 3 8 0
0.0463036 0.00923442 0.00923442 3 8 0
0.0463036 0.00886802 0.00886802 4 8 0
0.0463036 0.00850934 0.00850934 4 8 0
0.0463036 0.00815833 0.00815833 4 8 0
0.0463036 0.00781494 0.00781494 4 8 0
0.0463036 0.00747912 0.00747912 4 8 0
0.0463036 0.00715084 0.00715084 4 8 0
0.0463036 0.00683005 0.00683005 4 8 0
0.0463036 0.00651672 0.00651672 4 8 0
0.0463036 0.00621082 0.00621082 4 8 0
0.0463035 0.00591233 0.00591233 4 8 0
0.0463035 0.00562121 0.00562121 4 8 0
